

			 ---CAV accuracies---

mixed8:cab_concept20:0.9925925925925926±0.018885257457751062
mixed8:cab_concept12:0.9685185185185183±0.03159022612820739
mixed8:cab_concept17:0.962962962962963±0.04222871944811622
mixed8:cab_concept9:0.9944444444444445±0.013224867460264555
mixed8:cab_concept8:0.9907407407407407±0.01603750747748963
mixed8:cab_concept19:0.9555555555555555±0.043192236258113345
mixed8:cab_concept10:0.9851851851851852±0.02962962962962964
mixed8:cab_concept1:0.9666666666666668±0.030765273566363244
mixed8:cab_concept3:0.9907407407407408±0.023055369625905063
mixed8:cab_concept21:0.9796296296296296±0.027404904790645824
mixed8:cab_concept6:0.9666666666666666±0.04520946524345817
mixed8:cab_concept11:0.9851851851851852±0.02456759103966964
mixed8:cab_concept2:0.9740740740740741±0.03722176155970701
mixed8:cab_concept18:0.9666666666666666±0.03291923858265034
mixed8:cab_concept14:0.9777777777777776±0.03777051491550211
mixed8:cab_concept13:0.9777777777777776±0.04444444444444447
mixed8:cab_concept16:0.9314814814814815±0.058881900354017205
mixed8:cab_concept5:0.9814814814814815±0.024845199749997677
mixed8:cab_concept15:0.9555555555555555±0.03813196348513703
mixed8:cab_concept22:0.987037037037037±0.021195413226406678
mixed8:cab_concept4:0.9574074074074075±0.045774841090030646
mixed8:cab_concept7:0.9388888888888889±0.050068540128132506
			 ---Raw CAV accuracies data---

mixed8:cab_concept20:[1.0, 1.0, 1.0, 1.0, 1.0, 1.0, 1.0, 1.0, 1.0, 0.9629629629629629, 1.0, 1.0, 1.0, 1.0, 1.0, 1.0, 0.9629629629629629, 1.0, 0.9259259259259259, 1.0]
mixed8:cab_concept12:[0.9629629629629629, 0.9629629629629629, 0.9629629629629629, 0.9629629629629629, 1.0, 1.0, 0.9629629629629629, 0.9629629629629629, 0.9629629629629629, 1.0, 1.0, 1.0, 1.0, 0.8888888888888888, 0.9629629629629629, 0.9629629629629629, 0.9629629629629629, 0.9629629629629629, 0.8888888888888888, 1.0]
mixed8:cab_concept17:[0.9259259259259259, 0.9629629629629629, 1.0, 0.9629629629629629, 0.9629629629629629, 1.0, 0.8518518518518519, 1.0, 1.0, 1.0, 0.9629629629629629, 0.9259259259259259, 1.0, 0.9629629629629629, 0.9259259259259259, 0.9259259259259259, 1.0, 1.0, 0.8888888888888888, 1.0]
mixed8:cab_concept9:[1.0, 1.0, 1.0, 1.0, 0.9629629629629629, 0.9629629629629629, 1.0, 1.0, 1.0, 1.0, 0.9629629629629629, 1.0, 1.0, 1.0, 1.0, 1.0, 1.0, 1.0, 1.0, 1.0]
mixed8:cab_concept8:[1.0, 0.9629629629629629, 0.9629629629629629, 1.0, 1.0, 1.0, 1.0, 0.9629629629629629, 1.0, 1.0, 0.9629629629629629, 1.0, 1.0, 1.0, 1.0, 1.0, 1.0, 1.0, 0.9629629629629629, 1.0]
mixed8:cab_concept19:[1.0, 0.9629629629629629, 0.8518518518518519, 0.8888888888888888, 1.0, 0.9629629629629629, 0.9259259259259259, 0.9629629629629629, 1.0, 1.0, 1.0, 0.9629629629629629, 0.8888888888888888, 0.9629629629629629, 0.9259259259259259, 0.9259259259259259, 0.9629629629629629, 0.9259259259259259, 1.0, 1.0]
mixed8:cab_concept10:[1.0, 1.0, 1.0, 1.0, 1.0, 1.0, 1.0, 1.0, 0.9259259259259259, 1.0, 0.9629629629629629, 1.0, 1.0, 1.0, 1.0, 0.8888888888888888, 0.9629629629629629, 1.0, 1.0, 0.9629629629629629]
mixed8:cab_concept1:[1.0, 1.0, 0.9629629629629629, 0.9259259259259259, 0.9629629629629629, 0.9259259259259259, 0.9259259259259259, 0.9629629629629629, 0.9259259259259259, 1.0, 0.9629629629629629, 1.0, 1.0, 0.9259259259259259, 0.9629629629629629, 1.0, 0.9629629629629629, 0.9259259259259259, 1.0, 1.0]
mixed8:cab_concept3:[1.0, 0.9629629629629629, 1.0, 1.0, 1.0, 1.0, 0.9259259259259259, 1.0, 1.0, 1.0, 1.0, 1.0, 1.0, 1.0, 1.0, 1.0, 1.0, 0.9259259259259259, 1.0, 1.0]
mixed8:cab_concept21:[1.0, 0.9259259259259259, 1.0, 1.0, 1.0, 1.0, 1.0, 0.9629629629629629, 0.9259259259259259, 1.0, 1.0, 1.0, 1.0, 0.9629629629629629, 0.9629629629629629, 0.9629629629629629, 0.9259259259259259, 0.9629629629629629, 1.0, 1.0]
mixed8:cab_concept6:[0.9259259259259259, 0.9259259259259259, 0.9259259259259259, 1.0, 0.9629629629629629, 1.0, 0.9629629629629629, 1.0, 1.0, 0.8148148148148148, 0.9629629629629629, 1.0, 1.0, 1.0, 0.9629629629629629, 1.0, 0.9629629629629629, 1.0, 0.9259259259259259, 1.0]
mixed8:cab_concept11:[0.9259259259259259, 1.0, 1.0, 1.0, 0.9629629629629629, 1.0, 0.9629629629629629, 1.0, 0.9629629629629629, 0.9629629629629629, 1.0, 1.0, 1.0, 0.9259259259259259, 1.0, 1.0, 1.0, 1.0, 1.0, 1.0]
mixed8:cab_concept2:[1.0, 0.9259259259259259, 1.0, 1.0, 1.0, 0.9629629629629629, 1.0, 1.0, 1.0, 1.0, 1.0, 0.9629629629629629, 1.0, 0.8888888888888888, 1.0, 0.9259259259259259, 0.9629629629629629, 0.9629629629629629, 0.8888888888888888, 1.0]
mixed8:cab_concept18:[0.9259259259259259, 0.9629629629629629, 0.9629629629629629, 0.9259259259259259, 0.9629629629629629, 0.9629629629629629, 1.0, 1.0, 1.0, 1.0, 1.0, 0.9259259259259259, 0.8888888888888888, 1.0, 1.0, 0.9629629629629629, 1.0, 0.9629629629629629, 0.9259259259259259, 0.9629629629629629]
mixed8:cab_concept14:[1.0, 0.9629629629629629, 1.0, 0.9259259259259259, 0.9259259259259259, 1.0, 1.0, 1.0, 1.0, 1.0, 0.9629629629629629, 0.8518518518518519, 1.0, 0.9629629629629629, 0.9629629629629629, 1.0, 1.0, 1.0, 1.0, 1.0]
mixed8:cab_concept13:[1.0, 0.9629629629629629, 1.0, 1.0, 1.0, 0.8888888888888888, 1.0, 0.8888888888888888, 1.0, 1.0, 1.0, 1.0, 1.0, 1.0, 0.8518518518518519, 1.0, 0.9629629629629629, 1.0, 1.0, 1.0]
mixed8:cab_concept16:[1.0, 1.0, 0.9259259259259259, 0.9259259259259259, 0.9629629629629629, 0.8888888888888888, 0.8888888888888888, 0.9629629629629629, 1.0, 0.9629629629629629, 0.8888888888888888, 0.9259259259259259, 0.8888888888888888, 0.9259259259259259, 0.7407407407407407, 0.9629629629629629, 1.0, 0.9629629629629629, 0.9259259259259259, 0.8888888888888888]
mixed8:cab_concept5:[1.0, 1.0, 0.9629629629629629, 0.9629629629629629, 1.0, 1.0, 1.0, 1.0, 0.9259259259259259, 0.9629629629629629, 1.0, 1.0, 0.9259259259259259, 0.9629629629629629, 0.9629629629629629, 0.9629629629629629, 1.0, 1.0, 1.0, 1.0]
mixed8:cab_concept15:[1.0, 0.9629629629629629, 1.0, 0.9629629629629629, 0.9259259259259259, 0.9259259259259259, 0.9259259259259259, 1.0, 0.9629629629629629, 1.0, 0.8888888888888888, 0.9629629629629629, 1.0, 0.9629629629629629, 0.9629629629629629, 0.9629629629629629, 0.9629629629629629, 0.9629629629629629, 0.8518518518518519, 0.9259259259259259]
mixed8:cab_concept22:[1.0, 1.0, 1.0, 0.9259259259259259, 1.0, 1.0, 0.9629629629629629, 0.9629629629629629, 0.9629629629629629, 1.0, 1.0, 1.0, 1.0, 1.0, 1.0, 0.9629629629629629, 0.9629629629629629, 1.0, 1.0, 1.0]
mixed8:cab_concept4:[1.0, 0.8518518518518519, 1.0, 0.9629629629629629, 0.9629629629629629, 0.9629629629629629, 0.9629629629629629, 0.9629629629629629, 0.8518518518518519, 1.0, 0.8888888888888888, 0.9629629629629629, 1.0, 0.9629629629629629, 1.0, 1.0, 0.9259259259259259, 1.0, 0.9629629629629629, 0.9259259259259259]
mixed8:cab_concept7:[1.0, 0.9259259259259259, 0.9629629629629629, 0.8888888888888888, 0.9629629629629629, 0.9629629629629629, 0.9259259259259259, 1.0, 0.8518518518518519, 0.8888888888888888, 0.9629629629629629, 0.9259259259259259, 1.0, 0.8888888888888888, 0.9629629629629629, 0.8148148148148148, 0.9629629629629629, 0.9259259259259259, 0.9629629629629629, 1.0]

			 ---TCAV scores---

mixed8:cab_concept20:0.6537499999999999±0.11970667274634275,4.999314101120246e-06
mixed8:cab_concept12:0.6487499999999999±0.10322154571599865,6.353329079957716e-05
mixed8:cab_concept17:0.6425±0.12651580928879996,5.036542785910492e-05
mixed8:cab_concept9:0.6300000000000001±0.11472793905583767,0.00011641965696641046
mixed8:cab_concept8:0.62375±0.1070849545921368,0.000401397571753359
mixed8:cab_concept19:0.5787500000000001±0.13903124648797477,0.0010284772611183033
mixed8:cab_concept10:0.5700000000000001±0.1179512611208545,0.0006395669877981423
mixed8:cab_concept1:0.56375±0.09403290647427633,0.0014704677394749995
mixed8:cab_concept3:0.56375±0.11109539819452467,0.0006744126291834746
mixed8:cab_concept21:0.5475000000000001±0.11233320969330486,0.005932909343293672
mixed8:cab_concept6:0.54125±0.09882908225820981,0.0028561649468966327
mixed8:cab_concept11:0.5387500000000001±0.10412582532686115,0.011012490375778294
mixed8:cab_concept2:0.52125±0.12900460263106892,0.035451362236424644
mixed8:cab_concept18:0.47624999999999995±0.11469388606198676,0.2003845763545266
mixed8:cab_concept14:0.45249999999999996±0.095818839483684,0.370390559250359
mixed8:cab_concept13:0.43±0.11113055385446434,0.7473196575218808
mixed8:cab_concept16:0.4250000000000001±0.0862409415533017,0.8114083233461182
mixed8:cab_concept5:0.4125±0.09503288904374106,0.9174917166374417
mixed8:cab_concept15:0.395±0.11000000000000001,0.6435163230442054
mixed8:cab_concept22:0.39125000000000004±0.10526009452779339,0.614416916366092
mixed8:cab_concept4:0.3775±0.12321221530351607,0.11608279031556004
mixed8:cab_concept7:0.36124999999999996±0.09825826937209917,0.15021767112420759
			 ---Raw TCAV scores data---

mixed8:cab_concept20:[0.65, 0.65, 0.7, 0.475, 0.6, 0.45, 0.425, 0.875, 0.725, 0.625, 0.7, 0.55, 0.775, 0.65, 0.575, 0.625, 0.8, 0.625, 0.775, 0.825]
mixed8:cab_concept12:[0.6, 0.675, 0.525, 0.75, 0.5, 0.625, 0.525, 0.6, 0.825, 0.5, 0.6, 0.6, 0.825, 0.7, 0.825, 0.575, 0.7, 0.6, 0.75, 0.675]
mixed8:cab_concept17:[0.675, 0.7, 0.675, 0.675, 0.475, 0.45, 0.775, 0.675, 0.625, 0.55, 0.75, 0.5, 0.875, 0.7, 0.675, 0.4, 0.7, 0.725, 0.45, 0.8]
mixed8:cab_concept9:[0.6, 0.675, 0.575, 0.8, 0.55, 0.7, 0.625, 0.85, 0.475, 0.625, 0.375, 0.775, 0.55, 0.75, 0.675, 0.575, 0.55, 0.65, 0.725, 0.5]
mixed8:cab_concept8:[0.425, 0.65, 0.5, 0.775, 0.925, 0.525, 0.625, 0.5, 0.75, 0.65, 0.625, 0.65, 0.55, 0.7, 0.6, 0.575, 0.575, 0.65, 0.625, 0.6]
mixed8:cab_concept19:[0.6, 0.85, 0.475, 0.5, 0.625, 0.525, 0.5, 0.6, 0.65, 0.5, 0.6, 0.85, 0.65, 0.6, 0.7, 0.7, 0.425, 0.4, 0.25, 0.575]
mixed8:cab_concept10:[0.6, 0.7, 0.55, 0.55, 0.45, 0.525, 0.4, 0.525, 0.6, 0.7, 0.425, 0.75, 0.4, 0.45, 0.5, 0.475, 0.65, 0.75, 0.625, 0.775]
mixed8:cab_concept1:[0.7, 0.575, 0.625, 0.425, 0.525, 0.525, 0.65, 0.55, 0.625, 0.7, 0.6, 0.7, 0.6, 0.5, 0.525, 0.65, 0.375, 0.45, 0.425, 0.55]
mixed8:cab_concept3:[0.6, 0.6, 0.6, 0.5, 0.475, 0.4, 0.4, 0.825, 0.375, 0.65, 0.55, 0.625, 0.65, 0.525, 0.4, 0.575, 0.575, 0.7, 0.625, 0.625]
mixed8:cab_concept21:[0.575, 0.4, 0.625, 0.675, 0.45, 0.475, 0.5, 0.55, 0.625, 0.625, 0.675, 0.725, 0.6, 0.5, 0.575, 0.425, 0.5, 0.725, 0.3, 0.425]
mixed8:cab_concept6:[0.475, 0.625, 0.425, 0.475, 0.625, 0.45, 0.525, 0.625, 0.625, 0.65, 0.5, 0.7, 0.65, 0.65, 0.5, 0.45, 0.425, 0.525, 0.325, 0.6]
mixed8:cab_concept11:[0.475, 0.525, 0.5, 0.6, 0.4, 0.525, 0.4, 0.75, 0.55, 0.65, 0.625, 0.6, 0.625, 0.475, 0.3, 0.475, 0.6, 0.45, 0.65, 0.6]
mixed8:cab_concept2:[0.45, 0.475, 0.425, 0.7, 0.35, 0.575, 0.5, 0.6, 0.375, 0.3, 0.725, 0.6, 0.6, 0.575, 0.4, 0.65, 0.7, 0.6, 0.3, 0.525]
mixed8:cab_concept18:[0.35, 0.35, 0.275, 0.525, 0.375, 0.625, 0.55, 0.65, 0.575, 0.375, 0.6, 0.675, 0.375, 0.4, 0.6, 0.5, 0.475, 0.45, 0.425, 0.375]
mixed8:cab_concept14:[0.425, 0.425, 0.4, 0.35, 0.5, 0.6, 0.35, 0.475, 0.525, 0.4, 0.425, 0.5, 0.475, 0.3, 0.6, 0.475, 0.55, 0.625, 0.375, 0.275]
mixed8:cab_concept13:[0.375, 0.575, 0.5, 0.3, 0.425, 0.525, 0.25, 0.475, 0.525, 0.425, 0.375, 0.575, 0.6, 0.325, 0.3, 0.2, 0.4, 0.425, 0.5, 0.525]
mixed8:cab_concept16:[0.5, 0.5, 0.3, 0.275, 0.4, 0.375, 0.375, 0.35, 0.475, 0.4, 0.425, 0.575, 0.525, 0.525, 0.5, 0.3, 0.45, 0.525, 0.325, 0.4]
mixed8:cab_concept5:[0.275, 0.475, 0.45, 0.375, 0.4, 0.45, 0.3, 0.3, 0.525, 0.65, 0.425, 0.425, 0.55, 0.3, 0.275, 0.4, 0.375, 0.375, 0.45, 0.475]
mixed8:cab_concept15:[0.525, 0.375, 0.425, 0.575, 0.675, 0.375, 0.325, 0.25, 0.325, 0.375, 0.4, 0.5, 0.525, 0.35, 0.35, 0.25, 0.375, 0.325, 0.35, 0.25]
mixed8:cab_concept22:[0.225, 0.4, 0.475, 0.475, 0.45, 0.25, 0.375, 0.3, 0.375, 0.35, 0.525, 0.375, 0.675, 0.35, 0.375, 0.275, 0.275, 0.4, 0.525, 0.375]
mixed8:cab_concept4:[0.475, 0.525, 0.2, 0.3, 0.45, 0.275, 0.3, 0.45, 0.525, 0.3, 0.275, 0.5, 0.3, 0.425, 0.25, 0.425, 0.5, 0.625, 0.175, 0.275]
mixed8:cab_concept7:[0.625, 0.4, 0.225, 0.425, 0.325, 0.3, 0.325, 0.175, 0.425, 0.375, 0.525, 0.325, 0.35, 0.35, 0.35, 0.3, 0.275, 0.475, 0.325, 0.35]