

			 ---CAV accuracies---

mixed8:restaurant_concept19:0.9666666666666666±0.04366602267611703
mixed8:restaurant_concept22:0.9925925925925926±0.014814814814814836
mixed8:restaurant_concept7:0.9685185185185186±0.033691491479000475
mixed8:restaurant_concept8:0.975925925925926±0.03754284246798758
mixed8:restaurant_concept10:0.987037037037037±0.026899701937655486
mixed8:restaurant_concept11:0.961111111111111±0.039674602380793615
mixed8:restaurant_concept1:0.9666666666666666±0.03866780188485389
mixed8:restaurant_concept14:0.9925925925925926±0.018885257457751062
mixed8:restaurant_concept3:0.9685185185185186±0.03932733441036167
mixed8:restaurant_concept5:0.9814814814814815±0.04459849843997146
mixed8:restaurant_concept13:0.975925925925926±0.03566918571158931
mixed8:restaurant_concept12:0.9740740740740739±0.028926850651506145
mixed8:restaurant_concept16:0.9703703703703702±0.034346735168502625
mixed8:restaurant_concept6:0.9740740740740741±0.031207962122875414
mixed8:restaurant_concept18:0.9740740740740742±0.03333333333333335
mixed8:restaurant_concept9:0.9833333333333332±0.027404904790645838
mixed8:restaurant_concept23:0.9796296296296296±0.037906462019368
mixed8:restaurant_concept2:0.9277777777777777±0.056746494244609494
mixed8:restaurant_concept21:0.95±0.0472494474895299
mixed8:restaurant_concept17:0.9555555555555555±0.036288736930121156
mixed8:restaurant_concept20:0.9685185185185186±0.03754284246798759
mixed8:restaurant_concept15:0.9759259259259258±0.033691491479000475
mixed8:restaurant_concept4:0.9629629629629628±0.04536092116265145
			 ---Raw CAV accuracies data---

mixed8:restaurant_concept19:[0.9259259259259259, 0.8518518518518519, 0.9629629629629629, 1.0, 0.9629629629629629, 1.0, 0.9629629629629629, 1.0, 1.0, 1.0, 1.0, 0.8888888888888888, 0.9629629629629629, 0.9629629629629629, 1.0, 1.0, 1.0, 1.0, 0.9629629629629629, 0.8888888888888888]
mixed8:restaurant_concept22:[1.0, 1.0, 1.0, 0.9629629629629629, 1.0, 1.0, 1.0, 1.0, 1.0, 0.9629629629629629, 1.0, 1.0, 1.0, 1.0, 1.0, 1.0, 0.9629629629629629, 1.0, 0.9629629629629629, 1.0]
mixed8:restaurant_concept7:[1.0, 1.0, 1.0, 0.9259259259259259, 0.9259259259259259, 0.9629629629629629, 0.9629629629629629, 0.9629629629629629, 0.8888888888888888, 1.0, 0.9629629629629629, 1.0, 1.0, 1.0, 0.9629629629629629, 1.0, 0.9259259259259259, 0.9259259259259259, 0.9629629629629629, 1.0]
mixed8:restaurant_concept8:[0.9259259259259259, 1.0, 1.0, 1.0, 1.0, 1.0, 1.0, 0.8518518518518519, 1.0, 1.0, 0.9629629629629629, 1.0, 1.0, 0.9629629629629629, 1.0, 0.9629629629629629, 1.0, 0.9259259259259259, 0.9629629629629629, 0.9629629629629629]
mixed8:restaurant_concept10:[0.8888888888888888, 0.9629629629629629, 0.9629629629629629, 1.0, 1.0, 1.0, 1.0, 1.0, 1.0, 1.0, 0.9629629629629629, 1.0, 1.0, 1.0, 0.9629629629629629, 1.0, 1.0, 1.0, 1.0, 1.0]
mixed8:restaurant_concept11:[0.9259259259259259, 0.9629629629629629, 0.9629629629629629, 0.9629629629629629, 1.0, 0.9259259259259259, 1.0, 0.8518518518518519, 0.9629629629629629, 0.9629629629629629, 0.9629629629629629, 0.9629629629629629, 1.0, 0.8888888888888888, 1.0, 1.0, 0.9259259259259259, 1.0, 0.9629629629629629, 1.0]
mixed8:restaurant_concept1:[0.9629629629629629, 1.0, 1.0, 1.0, 0.9629629629629629, 1.0, 0.9629629629629629, 0.9629629629629629, 1.0, 0.9629629629629629, 1.0, 0.9629629629629629, 0.9629629629629629, 0.8888888888888888, 1.0, 1.0, 0.9259259259259259, 0.9629629629629629, 0.9629629629629629, 0.8518518518518519]
mixed8:restaurant_concept14:[0.9629629629629629, 1.0, 1.0, 1.0, 1.0, 1.0, 1.0, 0.9259259259259259, 1.0, 1.0, 1.0, 1.0, 1.0, 1.0, 1.0, 1.0, 1.0, 0.9629629629629629, 1.0, 1.0]
mixed8:restaurant_concept3:[0.9259259259259259, 1.0, 1.0, 0.9629629629629629, 1.0, 1.0, 1.0, 0.9629629629629629, 1.0, 1.0, 0.8518518518518519, 0.9629629629629629, 1.0, 1.0, 0.9259259259259259, 0.9259259259259259, 0.9629629629629629, 1.0, 0.9259259259259259, 0.9629629629629629]
mixed8:restaurant_concept5:[1.0, 1.0, 1.0, 0.9629629629629629, 1.0, 1.0, 0.8518518518518519, 1.0, 1.0, 1.0, 1.0, 1.0, 1.0, 1.0, 1.0, 0.8518518518518519, 0.9629629629629629, 1.0, 1.0, 1.0]
mixed8:restaurant_concept13:[1.0, 0.9259259259259259, 0.9259259259259259, 1.0, 1.0, 1.0, 1.0, 0.9259259259259259, 1.0, 0.9629629629629629, 1.0, 1.0, 0.9629629629629629, 1.0, 1.0, 1.0, 1.0, 0.9259259259259259, 0.8888888888888888, 1.0]
mixed8:restaurant_concept12:[0.9629629629629629, 0.9629629629629629, 1.0, 0.9629629629629629, 0.9629629629629629, 1.0, 1.0, 0.9629629629629629, 1.0, 1.0, 1.0, 1.0, 0.9629629629629629, 0.9629629629629629, 0.9259259259259259, 0.8888888888888888, 0.9629629629629629, 1.0, 0.9629629629629629, 1.0]
mixed8:restaurant_concept16:[0.9629629629629629, 0.9629629629629629, 1.0, 0.9629629629629629, 1.0, 1.0, 0.9629629629629629, 0.8888888888888888, 1.0, 0.9629629629629629, 0.9259259259259259, 1.0, 1.0, 1.0, 0.8888888888888888, 0.9629629629629629, 0.9629629629629629, 1.0, 0.9629629629629629, 1.0]
mixed8:restaurant_concept6:[0.9629629629629629, 0.9259259259259259, 0.9629629629629629, 0.9629629629629629, 0.9259259259259259, 0.9629629629629629, 1.0, 1.0, 1.0, 1.0, 1.0, 0.9629629629629629, 1.0, 0.9629629629629629, 0.8888888888888888, 1.0, 1.0, 1.0, 0.9629629629629629, 1.0]
mixed8:restaurant_concept18:[0.9629629629629629, 0.9629629629629629, 1.0, 0.9629629629629629, 1.0, 0.9259259259259259, 0.9259259259259259, 0.9629629629629629, 1.0, 0.8888888888888888, 1.0, 1.0, 1.0, 1.0, 1.0, 0.9629629629629629, 1.0, 1.0, 0.9259259259259259, 1.0]
mixed8:restaurant_concept9:[1.0, 1.0, 1.0, 1.0, 0.9629629629629629, 1.0, 1.0, 0.9629629629629629, 1.0, 1.0, 0.8888888888888888, 0.9629629629629629, 1.0, 1.0, 0.9629629629629629, 1.0, 1.0, 1.0, 0.9629629629629629, 0.9629629629629629]
mixed8:restaurant_concept23:[1.0, 0.9259259259259259, 1.0, 1.0, 1.0, 1.0, 1.0, 1.0, 1.0, 1.0, 1.0, 0.9629629629629629, 1.0, 0.9259259259259259, 0.8518518518518519, 1.0, 0.9629629629629629, 1.0, 0.9629629629629629, 1.0]
mixed8:restaurant_concept2:[0.8888888888888888, 0.9259259259259259, 0.8888888888888888, 0.9629629629629629, 0.8888888888888888, 1.0, 1.0, 0.8888888888888888, 0.9259259259259259, 1.0, 1.0, 0.8518518518518519, 0.9259259259259259, 0.8148148148148148, 0.9629629629629629, 0.8148148148148148, 0.9629629629629629, 0.9259259259259259, 0.9629629629629629, 0.9629629629629629]
mixed8:restaurant_concept21:[0.9259259259259259, 1.0, 1.0, 0.9629629629629629, 0.9629629629629629, 0.9259259259259259, 0.8518518518518519, 1.0, 0.9629629629629629, 0.9629629629629629, 0.9629629629629629, 0.9629629629629629, 0.8518518518518519, 0.9259259259259259, 1.0, 1.0, 0.8888888888888888, 0.9629629629629629, 1.0, 0.8888888888888888]
mixed8:restaurant_concept17:[1.0, 0.9629629629629629, 0.9259259259259259, 0.9629629629629629, 1.0, 0.9259259259259259, 0.9259259259259259, 0.9629629629629629, 0.8518518518518519, 1.0, 0.9629629629629629, 0.9629629629629629, 0.9259259259259259, 0.9629629629629629, 1.0, 0.9259259259259259, 1.0, 0.9629629629629629, 0.9259259259259259, 0.9629629629629629]
mixed8:restaurant_concept20:[1.0, 1.0, 1.0, 0.9259259259259259, 0.9629629629629629, 0.9629629629629629, 0.8888888888888888, 0.9259259259259259, 0.9629629629629629, 1.0, 1.0, 1.0, 0.9259259259259259, 1.0, 1.0, 0.9629629629629629, 0.8888888888888888, 1.0, 0.9629629629629629, 1.0]
mixed8:restaurant_concept15:[0.9259259259259259, 0.8888888888888888, 0.9629629629629629, 1.0, 1.0, 0.9629629629629629, 1.0, 1.0, 0.9259259259259259, 1.0, 1.0, 1.0, 0.9629629629629629, 1.0, 1.0, 0.9259259259259259, 1.0, 1.0, 0.9629629629629629, 1.0]
mixed8:restaurant_concept4:[0.9259259259259259, 0.8888888888888888, 0.9629629629629629, 1.0, 0.8888888888888888, 0.9259259259259259, 0.9629629629629629, 1.0, 0.9259259259259259, 1.0, 1.0, 1.0, 1.0, 0.8518518518518519, 0.9629629629629629, 1.0, 0.9629629629629629, 1.0, 1.0, 1.0]

			 ---TCAV scores---

mixed8:restaurant_concept19:0.7025±0.07980444849756184,2.942195744994734e-07
mixed8:restaurant_concept22:0.67875±0.11132020256898564,9.68045324475897e-07
mixed8:restaurant_concept7:0.675±0.1414213562373095,0.00036661620810570633
mixed8:restaurant_concept8:0.6487499999999999±0.13192682630913244,2.158266286688261e-05
mixed8:restaurant_concept10:0.62625±0.13907619314605935,0.0007136937473238669
mixed8:restaurant_concept11:0.595±0.12514991010783827,0.0004087248332260446
mixed8:restaurant_concept1:0.58375±0.15915303170219536,9.140508328563265e-05
mixed8:restaurant_concept14:0.5574999999999999±0.1520896117425513,0.024070247710870216
mixed8:restaurant_concept3:0.5075000000000001±0.12198872898755851,0.17570277388717145
mixed8:restaurant_concept5:0.50625±0.12719940054890194,0.09495294023352334
mixed8:restaurant_concept13:0.41624999999999995±0.12876213535042047,0.46680791576179137
mixed8:restaurant_concept12:0.4000000000000001±0.1126388032606881,0.3051455481094433
mixed8:restaurant_concept16:0.39875±0.10649970657236572,0.24173093621552422
mixed8:restaurant_concept6:0.39375±0.10979384090193768,0.1756253697949801
mixed8:restaurant_concept18:0.38375±0.17052767370723146,0.10831915468595169
mixed8:restaurant_concept9:0.36375±0.08749107097298557,0.0329128342715139
mixed8:restaurant_concept23:0.35±0.09486832980505139,0.03478009798613139
mixed8:restaurant_concept2:0.32875±0.12203355071454736,0.0031259583784556716
mixed8:restaurant_concept21:0.30999999999999994±0.1377043935392041,2.1842708372982673e-05
mixed8:restaurant_concept17:0.26749999999999996±0.11404494727957044,0.000144582682702757
mixed8:restaurant_concept20:0.25375000000000003±0.12924661504271592,1.2057648939350032e-05
mixed8:restaurant_concept15:0.24000000000000005±0.09400797838481584,6.292799725661819e-05
mixed8:restaurant_concept4:0.10874999999999999±0.06435982830928001,4.477980883635899e-09
			 ---Raw TCAV scores data---

mixed8:restaurant_concept19:[0.8, 0.75, 0.775, 0.55, 0.7, 0.6, 0.675, 0.775, 0.7, 0.675, 0.525, 0.775, 0.65, 0.65, 0.8, 0.7, 0.675, 0.7, 0.75, 0.825]
mixed8:restaurant_concept22:[0.7, 0.6, 0.8, 0.7, 0.675, 0.65, 0.6, 0.85, 0.725, 0.725, 0.825, 0.725, 0.525, 0.45, 0.675, 0.425, 0.65, 0.775, 0.775, 0.725]
mixed8:restaurant_concept7:[0.775, 0.625, 0.7, 0.725, 0.75, 0.275, 0.8, 0.775, 0.6, 0.725, 0.425, 0.475, 0.75, 0.7, 0.75, 0.775, 0.875, 0.725, 0.725, 0.55]
mixed8:restaurant_concept8:[0.8, 0.75, 0.475, 0.675, 0.625, 0.75, 0.7, 0.575, 0.775, 0.525, 0.725, 0.875, 0.55, 0.55, 0.75, 0.75, 0.75, 0.525, 0.35, 0.5]
mixed8:restaurant_concept10:[0.6, 0.575, 0.45, 0.875, 0.825, 0.7, 0.625, 0.3, 0.525, 0.75, 0.55, 0.775, 0.525, 0.575, 0.65, 0.8, 0.75, 0.5, 0.65, 0.525]
mixed8:restaurant_concept11:[0.825, 0.675, 0.775, 0.425, 0.5, 0.7, 0.5, 0.55, 0.7, 0.6, 0.675, 0.675, 0.475, 0.3, 0.65, 0.7, 0.475, 0.525, 0.55, 0.625]
mixed8:restaurant_concept1:[0.725, 0.575, 0.45, 0.625, 0.525, 0.475, 0.4, 0.675, 0.675, 0.5, 0.625, 0.825, 0.375, 0.2, 0.65, 0.475, 0.75, 0.55, 0.75, 0.85]
mixed8:restaurant_concept14:[0.8, 0.575, 0.475, 0.725, 0.525, 0.5, 0.55, 0.625, 0.625, 0.45, 0.225, 0.575, 0.35, 0.725, 0.75, 0.725, 0.325, 0.375, 0.625, 0.625]
mixed8:restaurant_concept3:[0.65, 0.475, 0.525, 0.725, 0.4, 0.3, 0.475, 0.3, 0.5, 0.45, 0.55, 0.65, 0.35, 0.6, 0.4, 0.7, 0.55, 0.5, 0.425, 0.625]
mixed8:restaurant_concept5:[0.525, 0.475, 0.325, 0.7, 0.525, 0.525, 0.375, 0.6, 0.45, 0.7, 0.3, 0.45, 0.35, 0.5, 0.575, 0.375, 0.725, 0.7, 0.525, 0.425]
mixed8:restaurant_concept13:[0.55, 0.25, 0.325, 0.6, 0.525, 0.35, 0.2, 0.675, 0.375, 0.3, 0.4, 0.475, 0.4, 0.4, 0.55, 0.175, 0.35, 0.5, 0.425, 0.5]
mixed8:restaurant_concept12:[0.675, 0.525, 0.25, 0.45, 0.525, 0.325, 0.35, 0.4, 0.2, 0.4, 0.5, 0.35, 0.375, 0.35, 0.325, 0.325, 0.325, 0.525, 0.525, 0.3]
mixed8:restaurant_concept16:[0.3, 0.325, 0.25, 0.45, 0.425, 0.55, 0.4, 0.525, 0.475, 0.55, 0.225, 0.5, 0.225, 0.325, 0.325, 0.475, 0.275, 0.4, 0.475, 0.5]
mixed8:restaurant_concept6:[0.45, 0.375, 0.35, 0.4, 0.3, 0.25, 0.4, 0.35, 0.35, 0.475, 0.275, 0.25, 0.3, 0.3, 0.675, 0.4, 0.625, 0.45, 0.475, 0.425]
mixed8:restaurant_concept18:[0.45, 0.6, 0.225, 0.425, 0.125, 0.2, 0.375, 0.425, 0.125, 0.7, 0.675, 0.45, 0.125, 0.225, 0.525, 0.35, 0.4, 0.3, 0.45, 0.525]
mixed8:restaurant_concept9:[0.275, 0.25, 0.275, 0.375, 0.4, 0.275, 0.25, 0.375, 0.4, 0.425, 0.15, 0.5, 0.375, 0.425, 0.475, 0.425, 0.45, 0.4, 0.425, 0.35]
mixed8:restaurant_concept23:[0.4, 0.4, 0.4, 0.275, 0.325, 0.3, 0.45, 0.45, 0.275, 0.35, 0.15, 0.525, 0.375, 0.375, 0.35, 0.375, 0.175, 0.5, 0.3, 0.25]
mixed8:restaurant_concept2:[0.55, 0.45, 0.325, 0.4, 0.225, 0.275, 0.175, 0.325, 0.325, 0.2, 0.25, 0.55, 0.2, 0.25, 0.325, 0.525, 0.425, 0.2, 0.175, 0.425]
mixed8:restaurant_concept21:[0.375, 0.4, 0.075, 0.2, 0.125, 0.425, 0.2, 0.375, 0.175, 0.55, 0.25, 0.6, 0.225, 0.375, 0.35, 0.15, 0.425, 0.25, 0.425, 0.25]
mixed8:restaurant_concept17:[0.225, 0.15, 0.225, 0.475, 0.125, 0.175, 0.225, 0.2, 0.225, 0.35, 0.125, 0.375, 0.2, 0.275, 0.45, 0.325, 0.225, 0.125, 0.4, 0.475]
mixed8:restaurant_concept20:[0.6, 0.225, 0.1, 0.15, 0.15, 0.2, 0.075, 0.275, 0.2, 0.325, 0.175, 0.375, 0.125, 0.225, 0.3, 0.45, 0.225, 0.15, 0.325, 0.425]
mixed8:restaurant_concept15:[0.275, 0.275, 0.325, 0.375, 0.35, 0.175, 0.15, 0.05, 0.25, 0.45, 0.225, 0.275, 0.225, 0.15, 0.225, 0.225, 0.275, 0.075, 0.175, 0.275]
mixed8:restaurant_concept4:[0.125, 0.05, 0.05, 0.075, 0.05, 0.05, 0.075, 0.025, 0.175, 0.15, 0.05, 0.275, 0.175, 0.15, 0.15, 0.075, 0.125, 0.025, 0.15, 0.175]