

			 ---CAV accuracies---

mixed8:mantis_concept9:0.9796296296296294±0.04136723685868275
mixed8:mantis_concept10:0.9870370370370372±0.026899701937655465
mixed8:mantis_concept2:0.9925925925925926±0.014814814814814836
mixed8:mantis_concept12:0.9777777777777779±0.031860463952009734
mixed8:mantis_concept6:0.9925925925925926±0.014814814814814834
mixed8:mantis_concept4:0.9777777777777776±0.05023948135648348
mixed8:mantis_concept5:0.9833333333333332±0.02740490479064582
mixed8:mantis_concept8:0.9851851851851852±0.02456759103966964
mixed8:mantis_concept13:0.9777777777777776±0.02962962962962964
mixed8:mantis_concept3:0.9814814814814815±0.024845199749997677
mixed8:mantis_concept1:0.9722222222222223±0.05221434140693217
mixed8:mantis_concept11:0.9833333333333332±0.02183301133805853
mixed8:mantis_concept14:0.9851851851851852±0.021596118129056686
mixed8:mantis_concept7:0.9759259259259258±0.03369149147900048
			 ---Raw CAV accuracies data---

mixed8:mantis_concept9:[1.0, 1.0, 1.0, 1.0, 1.0, 1.0, 1.0, 1.0, 0.9629629629629629, 0.8148148148148148, 1.0, 1.0, 1.0, 0.9629629629629629, 1.0, 0.9629629629629629, 0.9629629629629629, 0.9629629629629629, 0.9629629629629629, 1.0]
mixed8:mantis_concept10:[1.0, 1.0, 1.0, 1.0, 0.9259259259259259, 1.0, 1.0, 0.9259259259259259, 1.0, 1.0, 0.9629629629629629, 1.0, 1.0, 1.0, 1.0, 1.0, 1.0, 1.0, 1.0, 0.9259259259259259]
mixed8:mantis_concept2:[1.0, 1.0, 0.9629629629629629, 1.0, 1.0, 1.0, 1.0, 1.0, 0.9629629629629629, 1.0, 1.0, 1.0, 1.0, 1.0, 1.0, 1.0, 0.9629629629629629, 1.0, 0.9629629629629629, 1.0]
mixed8:mantis_concept12:[1.0, 0.9259259259259259, 0.9259259259259259, 0.9259259259259259, 1.0, 1.0, 0.9259259259259259, 1.0, 0.9629629629629629, 1.0, 1.0, 1.0, 1.0, 0.9629629629629629, 1.0, 0.9259259259259259, 1.0, 1.0, 1.0, 1.0]
mixed8:mantis_concept6:[1.0, 1.0, 1.0, 1.0, 1.0, 1.0, 1.0, 0.9629629629629629, 1.0, 1.0, 0.9629629629629629, 1.0, 1.0, 0.9629629629629629, 1.0, 0.9629629629629629, 1.0, 1.0, 1.0, 1.0]
mixed8:mantis_concept4:[1.0, 1.0, 1.0, 1.0, 1.0, 0.9629629629629629, 1.0, 1.0, 1.0, 1.0, 1.0, 1.0, 0.8148148148148148, 1.0, 1.0, 0.8518518518518519, 1.0, 0.9629629629629629, 0.9629629629629629, 1.0]
mixed8:mantis_concept5:[1.0, 1.0, 0.9259259259259259, 0.9629629629629629, 0.9629629629629629, 1.0, 1.0, 1.0, 0.9259259259259259, 1.0, 1.0, 1.0, 0.9259259259259259, 0.9629629629629629, 1.0, 1.0, 1.0, 1.0, 1.0, 1.0]
mixed8:mantis_concept8:[1.0, 1.0, 0.9629629629629629, 1.0, 0.9259259259259259, 1.0, 1.0, 1.0, 1.0, 1.0, 0.9629629629629629, 0.9629629629629629, 1.0, 1.0, 1.0, 1.0, 0.9629629629629629, 1.0, 0.9259259259259259, 1.0]
mixed8:mantis_concept13:[1.0, 1.0, 0.9629629629629629, 1.0, 0.9629629629629629, 1.0, 1.0, 1.0, 1.0, 1.0, 0.9629629629629629, 1.0, 1.0, 0.9629629629629629, 0.9259259259259259, 0.9629629629629629, 0.8888888888888888, 0.9629629629629629, 1.0, 0.9629629629629629]
mixed8:mantis_concept3:[1.0, 0.9629629629629629, 1.0, 0.9629629629629629, 1.0, 0.9259259259259259, 1.0, 1.0, 0.9629629629629629, 1.0, 1.0, 0.9629629629629629, 0.9629629629629629, 1.0, 1.0, 0.9629629629629629, 0.9259259259259259, 1.0, 1.0, 1.0]
mixed8:mantis_concept1:[1.0, 0.9629629629629629, 1.0, 1.0, 0.8518518518518519, 1.0, 1.0, 1.0, 1.0, 1.0, 0.9259259259259259, 1.0, 0.8148148148148148, 1.0, 0.9629629629629629, 1.0, 1.0, 0.9259259259259259, 1.0, 1.0]
mixed8:mantis_concept11:[1.0, 0.9629629629629629, 0.9629629629629629, 1.0, 1.0, 1.0, 1.0, 0.9629629629629629, 1.0, 1.0, 0.9259259259259259, 1.0, 0.9629629629629629, 0.9629629629629629, 0.9629629629629629, 1.0, 1.0, 1.0, 1.0, 0.9629629629629629]
mixed8:mantis_concept14:[1.0, 1.0, 1.0, 0.9629629629629629, 1.0, 1.0, 1.0, 0.9629629629629629, 0.9629629629629629, 1.0, 1.0, 0.9629629629629629, 1.0, 1.0, 0.9259259259259259, 0.9629629629629629, 1.0, 0.9629629629629629, 1.0, 1.0]
mixed8:mantis_concept7:[1.0, 1.0, 0.9629629629629629, 1.0, 1.0, 1.0, 1.0, 0.9629629629629629, 0.9629629629629629, 1.0, 0.8888888888888888, 1.0, 1.0, 1.0, 0.8888888888888888, 0.9629629629629629, 0.9629629629629629, 0.9629629629629629, 0.9629629629629629, 1.0]

			 ---TCAV scores---

mixed8:mantis_concept9:0.845±0.1053565375285274,2.641816428840298e-09
mixed8:mantis_concept10:0.83125±0.08361930100162282,6.707469806850581e-08
mixed8:mantis_concept2:0.7887499999999998±0.10045988005169029,3.169660555580912e-06
mixed8:mantis_concept12:0.78625±0.10795687796523201,5.827448928444293e-07
mixed8:mantis_concept6:0.72625±0.10910860415200994,9.884655600586755e-06
mixed8:mantis_concept4:0.7112499999999999±0.12361103308362081,5.7454710783982184e-05
mixed8:mantis_concept5:0.6887500000000001±0.10108010437272015,1.3803070168671281e-05
mixed8:mantis_concept8:0.6399999999999999±0.11629703349613005,0.0023692157568871966
mixed8:mantis_concept13:0.6287500000000001±0.10673419086684455,0.0005168451657395752
mixed8:mantis_concept3:0.58±0.09604686356149272,0.0058065209419476335
mixed8:mantis_concept1:0.5712499999999999±0.11436646142991398,0.042639945723413425
mixed8:mantis_concept11:0.45500000000000007±0.06919176251549024,0.6120776485288755
mixed8:mantis_concept14:0.4425±0.10813764376941085,0.29667287535665215
mixed8:mantis_concept7:0.38±0.08200609733428361,0.026032906708969485
			 ---Raw TCAV scores data---

mixed8:mantis_concept9:[0.925, 0.85, 0.725, 0.825, 0.925, 0.725, 0.6, 0.9, 1.0, 0.85, 0.925, 0.9, 0.725, 0.85, 0.85, 0.65, 0.85, 0.95, 0.975, 0.9]
mixed8:mantis_concept10:[0.85, 0.75, 0.8, 0.9, 0.825, 0.8, 0.8, 0.8, 0.875, 0.975, 0.8, 0.925, 0.9, 0.75, 0.95, 0.625, 0.875, 0.7, 0.9, 0.825]
mixed8:mantis_concept2:[0.675, 0.625, 0.725, 0.575, 0.9, 0.675, 0.7, 0.85, 0.75, 0.725, 0.8, 0.85, 0.875, 0.825, 0.8, 0.925, 0.85, 0.95, 0.825, 0.875]
mixed8:mantis_concept12:[0.55, 0.75, 0.625, 0.875, 0.775, 0.85, 0.825, 0.9, 0.975, 0.8, 0.75, 0.8, 0.95, 0.725, 0.625, 0.725, 0.825, 0.925, 0.725, 0.75]
mixed8:mantis_concept6:[0.85, 0.775, 0.725, 0.725, 0.75, 0.475, 0.65, 0.75, 0.875, 0.8, 0.625, 0.7, 0.65, 0.825, 0.875, 0.525, 0.775, 0.85, 0.725, 0.6]
mixed8:mantis_concept4:[0.9, 0.725, 0.6, 0.7, 0.625, 0.65, 0.85, 0.75, 0.75, 0.8, 0.95, 0.425, 0.675, 0.75, 0.475, 0.65, 0.675, 0.725, 0.825, 0.725]
mixed8:mantis_concept5:[0.675, 0.55, 0.725, 0.875, 0.65, 0.625, 0.65, 0.775, 0.65, 0.6, 0.6, 0.875, 0.8, 0.625, 0.6, 0.525, 0.625, 0.8, 0.775, 0.775]
mixed8:mantis_concept8:[0.85, 0.65, 0.725, 0.65, 0.5, 0.625, 0.525, 0.725, 0.825, 0.7, 0.6, 0.725, 0.5, 0.55, 0.775, 0.65, 0.725, 0.6, 0.4, 0.5]
mixed8:mantis_concept13:[0.675, 0.625, 0.575, 0.7, 0.6, 0.675, 0.45, 0.6, 0.625, 0.825, 0.625, 0.675, 0.675, 0.775, 0.375, 0.625, 0.475, 0.675, 0.775, 0.55]
mixed8:mantis_concept3:[0.6, 0.575, 0.375, 0.475, 0.525, 0.55, 0.675, 0.55, 0.5, 0.725, 0.575, 0.675, 0.6, 0.65, 0.5, 0.525, 0.525, 0.825, 0.625, 0.55]
mixed8:mantis_concept1:[0.6, 0.65, 0.4, 0.575, 0.725, 0.575, 0.575, 0.575, 0.55, 0.6, 0.65, 0.675, 0.275, 0.55, 0.575, 0.35, 0.75, 0.5, 0.625, 0.65]
mixed8:mantis_concept11:[0.475, 0.5, 0.5, 0.425, 0.5, 0.525, 0.375, 0.45, 0.4, 0.575, 0.3, 0.4, 0.35, 0.4, 0.4, 0.475, 0.525, 0.525, 0.525, 0.475]
mixed8:mantis_concept14:[0.525, 0.6, 0.2, 0.5, 0.475, 0.375, 0.225, 0.6, 0.425, 0.475, 0.475, 0.6, 0.4, 0.525, 0.45, 0.3, 0.475, 0.425, 0.375, 0.425]
mixed8:mantis_concept7:[0.475, 0.275, 0.4, 0.2, 0.3, 0.3, 0.375, 0.45, 0.4, 0.5, 0.325, 0.575, 0.375, 0.375, 0.35, 0.425, 0.375, 0.325, 0.425, 0.375]