

			 ---CAV accuracies---

mixed8:ant_concept1:0.9944444444444445±0.013224867460264555
mixed8:ant_concept7:0.9851851851851852±0.018144368465060606
mixed8:ant_concept12:0.9777777777777776±0.03186046395200974
mixed8:ant_concept9:0.9925925925925926±0.018885257457751062
mixed8:ant_concept4:0.9814814814814815±0.027467401804058034
mixed8:ant_concept8:0.9722222222222221±0.032867109906108985
mixed8:ant_concept5:0.9685185185185186±0.03754284246798759
mixed8:ant_concept10:0.9796296296296296±0.024776089185666032
mixed8:ant_concept2:0.9814814814814815±0.03414646095293663
mixed8:ant_concept11:0.9703703703703702±0.050511784062910584
mixed8:ant_concept6:0.9685185185185186±0.03932733441036169
mixed8:ant_concept13:0.9592592592592591±0.04520946524345816
mixed8:ant_concept3:0.9685185185185187±0.04267303193260338
			 ---Raw CAV accuracies data---

mixed8:ant_concept1:[1.0, 1.0, 0.9629629629629629, 1.0, 1.0, 1.0, 1.0, 1.0, 1.0, 0.9629629629629629, 1.0, 1.0, 1.0, 1.0, 1.0, 0.9629629629629629, 1.0, 1.0, 1.0, 1.0]
mixed8:ant_concept7:[1.0, 0.9629629629629629, 1.0, 0.9629629629629629, 0.9629629629629629, 1.0, 1.0, 0.9629629629629629, 1.0, 1.0, 1.0, 0.9629629629629629, 1.0, 0.9629629629629629, 1.0, 1.0, 1.0, 0.9629629629629629, 0.9629629629629629, 1.0]
mixed8:ant_concept12:[1.0, 0.9629629629629629, 1.0, 0.9629629629629629, 1.0, 1.0, 0.9629629629629629, 1.0, 1.0, 1.0, 0.9259259259259259, 1.0, 0.9259259259259259, 0.9629629629629629, 0.8888888888888888, 1.0, 1.0, 1.0, 1.0, 0.9629629629629629]
mixed8:ant_concept9:[1.0, 1.0, 1.0, 0.9629629629629629, 1.0, 1.0, 1.0, 1.0, 0.9629629629629629, 1.0, 1.0, 1.0, 1.0, 1.0, 1.0, 1.0, 1.0, 1.0, 1.0, 0.9259259259259259]
mixed8:ant_concept4:[0.9629629629629629, 0.9629629629629629, 1.0, 0.8888888888888888, 0.9629629629629629, 1.0, 1.0, 1.0, 0.9629629629629629, 1.0, 0.9629629629629629, 1.0, 1.0, 1.0, 1.0, 0.9629629629629629, 0.9629629629629629, 1.0, 1.0, 1.0]
mixed8:ant_concept8:[1.0, 0.9629629629629629, 1.0, 1.0, 0.8888888888888888, 1.0, 0.9259259259259259, 0.9629629629629629, 0.9629629629629629, 1.0, 1.0, 1.0, 1.0, 0.9629629629629629, 0.9259259259259259, 1.0, 0.9629629629629629, 0.9629629629629629, 0.9259259259259259, 1.0]
mixed8:ant_concept5:[1.0, 0.8888888888888888, 0.8888888888888888, 1.0, 0.9629629629629629, 0.9259259259259259, 1.0, 0.9629629629629629, 1.0, 0.9629629629629629, 1.0, 0.9629629629629629, 0.9629629629629629, 1.0, 1.0, 0.9259259259259259, 1.0, 1.0, 0.9259259259259259, 1.0]
mixed8:ant_concept10:[1.0, 0.9629629629629629, 0.9629629629629629, 0.9259259259259259, 1.0, 1.0, 1.0, 0.9629629629629629, 0.9629629629629629, 0.9629629629629629, 0.9629629629629629, 1.0, 0.9629629629629629, 1.0, 0.9259259259259259, 1.0, 1.0, 1.0, 1.0, 1.0]
mixed8:ant_concept2:[1.0, 1.0, 0.9629629629629629, 0.8518518518518519, 0.9629629629629629, 0.9629629629629629, 0.9629629629629629, 1.0, 1.0, 1.0, 1.0, 1.0, 1.0, 0.9629629629629629, 1.0, 0.9629629629629629, 1.0, 1.0, 1.0, 1.0]
mixed8:ant_concept11:[1.0, 0.9629629629629629, 0.9259259259259259, 0.9629629629629629, 1.0, 0.9629629629629629, 0.9629629629629629, 1.0, 1.0, 1.0, 1.0, 0.7777777777777778, 0.9629629629629629, 0.9629629629629629, 1.0, 0.9259259259259259, 1.0, 1.0, 1.0, 1.0]
mixed8:ant_concept6:[0.9629629629629629, 0.9629629629629629, 0.9629629629629629, 1.0, 1.0, 0.9259259259259259, 1.0, 0.8888888888888888, 1.0, 0.8888888888888888, 1.0, 1.0, 1.0, 0.9629629629629629, 0.9629629629629629, 1.0, 1.0, 0.8888888888888888, 1.0, 0.9629629629629629]
mixed8:ant_concept13:[1.0, 0.9629629629629629, 1.0, 1.0, 1.0, 0.9629629629629629, 0.8888888888888888, 0.9259259259259259, 1.0, 0.8888888888888888, 1.0, 1.0, 0.9259259259259259, 1.0, 1.0, 0.8518518518518519, 0.9259259259259259, 0.9629629629629629, 0.9629629629629629, 0.9259259259259259]
mixed8:ant_concept3:[0.9629629629629629, 1.0, 0.9629629629629629, 0.8888888888888888, 0.9629629629629629, 1.0, 0.8518518518518519, 0.9259259259259259, 1.0, 1.0, 1.0, 1.0, 1.0, 1.0, 0.9629629629629629, 1.0, 1.0, 0.9259259259259259, 1.0, 0.9259259259259259]

			 ---TCAV scores---

mixed8:ant_concept1:0.5374999999999999±0.07004462863060949,0.014263654373841925
mixed8:ant_concept7:0.5325±0.11648497757221742,0.009416889298440602
mixed8:ant_concept12:0.51625±0.09262660255023931,0.02599560108014611
mixed8:ant_concept9:0.51±0.10410331406828506,0.03339680840208614
mixed8:ant_concept4:0.49124999999999996±0.08988708194173399,0.09016962885082339
mixed8:ant_concept8:0.48624999999999996±0.09167708274154451,0.1018680003727023
mixed8:ant_concept5:0.465±0.07762087348130012,0.31908913497319147
mixed8:ant_concept10:0.42750000000000005±0.0724137417898012,0.7783042550103337
mixed8:ant_concept2:0.4175±0.03960744879438715,0.9514366916239352
mixed8:ant_concept11:0.39125±0.0694959531195882,0.5784441233364335
mixed8:ant_concept6:0.375±0.05590169943749474,0.3122801929053125
mixed8:ant_concept13:0.34750000000000003±0.06319612329882268,0.10910527912180956
mixed8:ant_concept3:0.28874999999999995±0.05447189642375231,0.00889255161640674
			 ---Raw TCAV scores data---

mixed8:ant_concept1:[0.6, 0.575, 0.6, 0.525, 0.525, 0.6, 0.4, 0.575, 0.65, 0.425, 0.575, 0.525, 0.625, 0.525, 0.475, 0.575, 0.425, 0.475, 0.475, 0.6]
mixed8:ant_concept7:[0.55, 0.375, 0.575, 0.55, 0.525, 0.325, 0.4, 0.475, 0.6, 0.425, 0.6, 0.75, 0.475, 0.575, 0.55, 0.575, 0.825, 0.6, 0.475, 0.425]
mixed8:ant_concept12:[0.5, 0.675, 0.375, 0.65, 0.4, 0.525, 0.475, 0.45, 0.575, 0.725, 0.525, 0.625, 0.425, 0.45, 0.425, 0.45, 0.575, 0.5, 0.5, 0.5]
mixed8:ant_concept9:[0.375, 0.625, 0.4, 0.725, 0.65, 0.575, 0.4, 0.65, 0.45, 0.4, 0.35, 0.475, 0.525, 0.55, 0.475, 0.4, 0.525, 0.5, 0.625, 0.525]
mixed8:ant_concept4:[0.6, 0.55, 0.575, 0.45, 0.625, 0.525, 0.375, 0.55, 0.525, 0.325, 0.5, 0.65, 0.425, 0.5, 0.35, 0.475, 0.525, 0.5, 0.35, 0.45]
mixed8:ant_concept8:[0.475, 0.425, 0.525, 0.525, 0.275, 0.425, 0.5, 0.45, 0.65, 0.425, 0.575, 0.575, 0.375, 0.575, 0.425, 0.375, 0.5, 0.575, 0.625, 0.45]
mixed8:ant_concept5:[0.625, 0.45, 0.475, 0.4, 0.5, 0.5, 0.375, 0.325, 0.6, 0.35, 0.4, 0.525, 0.5, 0.5, 0.4, 0.5, 0.425, 0.4, 0.525, 0.525]
mixed8:ant_concept10:[0.45, 0.425, 0.45, 0.35, 0.325, 0.375, 0.45, 0.375, 0.35, 0.45, 0.3, 0.45, 0.35, 0.575, 0.45, 0.4, 0.475, 0.475, 0.55, 0.525]
mixed8:ant_concept2:[0.45, 0.375, 0.45, 0.45, 0.4, 0.45, 0.425, 0.375, 0.425, 0.425, 0.375, 0.5, 0.425, 0.375, 0.45, 0.35, 0.375, 0.425, 0.375, 0.475]
mixed8:ant_concept11:[0.4, 0.4, 0.375, 0.375, 0.35, 0.4, 0.35, 0.275, 0.375, 0.25, 0.35, 0.55, 0.375, 0.425, 0.325, 0.4, 0.5, 0.475, 0.475, 0.4]
mixed8:ant_concept6:[0.425, 0.375, 0.325, 0.35, 0.475, 0.35, 0.375, 0.375, 0.3, 0.4, 0.45, 0.3, 0.35, 0.35, 0.375, 0.275, 0.4, 0.4, 0.35, 0.5]
mixed8:ant_concept13:[0.5, 0.325, 0.3, 0.325, 0.375, 0.275, 0.4, 0.325, 0.45, 0.35, 0.35, 0.425, 0.275, 0.275, 0.275, 0.3, 0.3, 0.375, 0.425, 0.325]
mixed8:ant_concept3:[0.375, 0.3, 0.225, 0.275, 0.275, 0.3, 0.3, 0.25, 0.2, 0.3, 0.3, 0.3, 0.225, 0.225, 0.275, 0.325, 0.35, 0.225, 0.325, 0.425]