

			 ---CAV accuracies---

mixed8:bookshop_concept5:0.9925925925925926±0.018885257457751062
mixed8:bookshop_concept1:0.9870370370370368±0.0176655407669805
mixed8:bookshop_concept9:0.9888888888888887±0.01697250257391054
mixed8:bookshop_concept6:0.9703703703703702±0.02511974067824174
mixed8:bookshop_concept13:0.9777777777777776±0.024567591039669642
mixed8:bookshop_concept11:0.9814814814814815±0.024845199749997677
mixed8:bookshop_concept15:0.9703703703703702±0.043192236258113345
mixed8:bookshop_concept10:0.9851851851851852±0.021596118129056686
mixed8:bookshop_concept7:0.9555555555555554±0.043192236258113345
mixed8:bookshop_concept14:0.9722222222222223±0.030709488799587036
mixed8:bookshop_concept8:0.9759259259259258±0.02689970193765547
mixed8:bookshop_concept4:0.9759259259259256±0.026899701937655486
mixed8:bookshop_concept16:0.9685185185185186±0.03159022612820738
mixed8:bookshop_concept3:0.9703703703703704±0.03628873693012117
mixed8:bookshop_concept17:0.9555555555555557±0.05185185185185186
mixed8:bookshop_concept12:0.9740740740740739±0.026449734920529096
mixed8:bookshop_concept2:0.9740740740740741±0.02644973492052908
			 ---Raw CAV accuracies data---

mixed8:bookshop_concept5:[1.0, 1.0, 0.9629629629629629, 0.9259259259259259, 1.0, 1.0, 1.0, 1.0, 0.9629629629629629, 1.0, 1.0, 1.0, 1.0, 1.0, 1.0, 1.0, 1.0, 1.0, 1.0, 1.0]
mixed8:bookshop_concept1:[1.0, 1.0, 1.0, 1.0, 0.9629629629629629, 1.0, 1.0, 0.9629629629629629, 0.9629629629629629, 1.0, 0.9629629629629629, 1.0, 1.0, 1.0, 1.0, 0.9629629629629629, 1.0, 1.0, 0.9629629629629629, 0.9629629629629629]
mixed8:bookshop_concept9:[1.0, 0.9629629629629629, 1.0, 1.0, 1.0, 1.0, 1.0, 1.0, 1.0, 1.0, 0.9629629629629629, 0.9629629629629629, 0.9629629629629629, 1.0, 1.0, 0.9629629629629629, 1.0, 0.9629629629629629, 1.0, 1.0]
mixed8:bookshop_concept6:[0.9259259259259259, 0.9629629629629629, 0.9629629629629629, 0.9629629629629629, 1.0, 0.9629629629629629, 1.0, 0.9259259259259259, 1.0, 0.9629629629629629, 0.9259259259259259, 0.9629629629629629, 0.9629629629629629, 1.0, 1.0, 0.9629629629629629, 1.0, 0.9629629629629629, 0.9629629629629629, 1.0]
mixed8:bookshop_concept13:[1.0, 1.0, 0.9629629629629629, 0.9629629629629629, 1.0, 0.9259259259259259, 1.0, 0.9629629629629629, 0.9629629629629629, 1.0, 1.0, 0.9259259259259259, 0.9629629629629629, 0.9629629629629629, 1.0, 0.9629629629629629, 1.0, 1.0, 0.9629629629629629, 1.0]
mixed8:bookshop_concept11:[1.0, 1.0, 1.0, 0.9629629629629629, 1.0, 1.0, 1.0, 0.9259259259259259, 1.0, 1.0, 1.0, 0.9629629629629629, 1.0, 0.9629629629629629, 1.0, 0.9629629629629629, 0.9629629629629629, 1.0, 0.9259259259259259, 0.9629629629629629]
mixed8:bookshop_concept15:[1.0, 1.0, 1.0, 1.0, 0.8888888888888888, 0.9629629629629629, 0.9259259259259259, 1.0, 1.0, 1.0, 1.0, 0.9259259259259259, 0.9259259259259259, 1.0, 1.0, 0.9629629629629629, 1.0, 1.0, 0.9629629629629629, 0.8518518518518519]
mixed8:bookshop_concept10:[1.0, 1.0, 0.9629629629629629, 1.0, 1.0, 0.9629629629629629, 1.0, 1.0, 0.9629629629629629, 0.9629629629629629, 1.0, 1.0, 0.9629629629629629, 1.0, 1.0, 1.0, 1.0, 0.9259259259259259, 1.0, 0.9629629629629629]
mixed8:bookshop_concept7:[0.8888888888888888, 0.8518518518518519, 0.9629629629629629, 0.9629629629629629, 0.9629629629629629, 1.0, 0.8888888888888888, 0.9629629629629629, 0.9629629629629629, 0.9629629629629629, 1.0, 1.0, 0.8888888888888888, 0.9629629629629629, 0.9259259259259259, 1.0, 0.9629629629629629, 0.9629629629629629, 1.0, 1.0]
mixed8:bookshop_concept14:[0.9259259259259259, 1.0, 1.0, 0.9259259259259259, 1.0, 1.0, 0.9629629629629629, 1.0, 0.9629629629629629, 0.9629629629629629, 0.9259259259259259, 0.9629629629629629, 1.0, 1.0, 1.0, 0.9629629629629629, 1.0, 0.9259259259259259, 1.0, 0.9259259259259259]
mixed8:bookshop_concept8:[1.0, 0.9629629629629629, 1.0, 1.0, 1.0, 1.0, 0.9629629629629629, 0.9629629629629629, 1.0, 0.9259259259259259, 1.0, 1.0, 0.9259259259259259, 0.9259259259259259, 0.9629629629629629, 1.0, 0.9629629629629629, 0.9629629629629629, 0.9629629629629629, 1.0]
mixed8:bookshop_concept4:[0.9629629629629629, 1.0, 1.0, 0.9629629629629629, 1.0, 0.9629629629629629, 0.9629629629629629, 1.0, 0.9629629629629629, 0.9629629629629629, 1.0, 1.0, 1.0, 0.9629629629629629, 0.8888888888888888, 1.0, 1.0, 0.9629629629629629, 0.9629629629629629, 0.9629629629629629]
mixed8:bookshop_concept16:[0.9629629629629629, 0.9629629629629629, 0.9259259259259259, 1.0, 0.9629629629629629, 1.0, 0.9629629629629629, 0.9259259259259259, 1.0, 1.0, 0.9629629629629629, 1.0, 1.0, 0.9629629629629629, 0.8888888888888888, 0.9629629629629629, 1.0, 0.9259259259259259, 0.9629629629629629, 1.0]
mixed8:bookshop_concept3:[1.0, 1.0, 0.9259259259259259, 1.0, 1.0, 0.9259259259259259, 0.8888888888888888, 1.0, 0.9259259259259259, 1.0, 1.0, 1.0, 1.0, 1.0, 0.9259259259259259, 0.9629629629629629, 0.9629629629629629, 0.9629629629629629, 1.0, 0.9259259259259259]
mixed8:bookshop_concept17:[1.0, 0.8888888888888888, 0.9629629629629629, 0.9629629629629629, 1.0, 0.8148148148148148, 0.9629629629629629, 1.0, 0.8518518518518519, 1.0, 0.9629629629629629, 1.0, 0.9629629629629629, 1.0, 0.9259259259259259, 0.9629629629629629, 1.0, 0.9259259259259259, 1.0, 0.9259259259259259]
mixed8:bookshop_concept12:[0.9629629629629629, 0.9629629629629629, 0.9629629629629629, 0.8888888888888888, 1.0, 1.0, 0.9629629629629629, 0.9629629629629629, 0.9629629629629629, 1.0, 1.0, 0.9629629629629629, 1.0, 1.0, 1.0, 0.9629629629629629, 0.9629629629629629, 0.9629629629629629, 1.0, 0.9629629629629629]
mixed8:bookshop_concept2:[0.9629629629629629, 1.0, 0.9259259259259259, 0.9259259259259259, 1.0, 1.0, 0.9629629629629629, 1.0, 0.9629629629629629, 0.9629629629629629, 1.0, 1.0, 1.0, 0.9629629629629629, 0.9629629629629629, 0.9629629629629629, 1.0, 0.9259259259259259, 1.0, 0.9629629629629629]

			 ---TCAV scores---

mixed8:bookshop_concept5:0.8724999999999999±0.07066647012551285,2.8636538045476542e-09
mixed8:bookshop_concept1:0.82875±0.10673419086684453,8.607667807370503e-08
mixed8:bookshop_concept9:0.8262499999999999±0.09600618469661212,1.0079685335954764e-07
mixed8:bookshop_concept6:0.7987500000000002±0.11975887232268013,4.7574325225291614e-08
mixed8:bookshop_concept13:0.76±0.110227038425243,5.163264096626155e-06
mixed8:bookshop_concept11:0.745±0.13706750161872802,3.265793909263822e-06
mixed8:bookshop_concept15:0.73125±0.11148850837642416,1.3391645049047641e-05
mixed8:bookshop_concept10:0.72875±0.11599434253445294,1.963479558493598e-05
mixed8:bookshop_concept7:0.7249999999999999±0.12093386622447824,6.341215495785977e-06
mixed8:bookshop_concept14:0.7137499999999999±0.13097590427250347,4.4809233990524055e-06
mixed8:bookshop_concept8:0.7112499999999999±0.11442109726794268,4.091469919839465e-05
mixed8:bookshop_concept4:0.67375±0.14842401254514043,0.00013650958305282763
mixed8:bookshop_concept16:0.6187500000000001±0.15204337374578347,0.0008049880596513667
mixed8:bookshop_concept3:0.5937500000000001±0.1470278460020414,0.007506895031465554
mixed8:bookshop_concept17:0.5712499999999999±0.15436867395945333,0.01679888844241541
mixed8:bookshop_concept12:0.5112500000000001±0.21042739246590497,0.6251242340560061
mixed8:bookshop_concept2:0.39875000000000005±0.12636133704579103,0.01693925519046431
			 ---Raw TCAV scores data---

mixed8:bookshop_concept5:[0.775, 0.9, 0.85, 0.85, 0.975, 0.925, 0.85, 0.775, 0.825, 0.95, 0.95, 0.925, 0.925, 0.775, 0.875, 0.775, 0.85, 0.95, 0.775, 0.975]
mixed8:bookshop_concept1:[0.825, 0.8, 0.775, 0.925, 0.9, 0.9, 0.875, 0.825, 0.875, 0.55, 0.925, 0.925, 0.85, 0.8, 0.85, 0.675, 0.975, 0.95, 0.725, 0.65]
mixed8:bookshop_concept9:[0.675, 0.875, 0.875, 0.9, 0.85, 0.85, 0.825, 0.875, 0.85, 0.85, 0.9, 0.95, 0.725, 0.925, 0.85, 0.65, 0.8, 0.8, 0.575, 0.925]
mixed8:bookshop_concept6:[0.75, 0.8, 0.8, 0.7, 0.8, 0.5, 0.75, 0.875, 0.55, 0.95, 0.925, 0.95, 0.825, 0.825, 0.85, 0.75, 0.9, 0.925, 0.675, 0.875]
mixed8:bookshop_concept13:[0.8, 0.875, 0.775, 0.65, 0.65, 0.825, 0.675, 0.65, 0.875, 0.9, 0.85, 0.825, 0.8, 0.6, 0.85, 0.7, 0.875, 0.85, 0.5, 0.675]
mixed8:bookshop_concept11:[0.8, 0.8, 0.575, 0.7, 0.625, 0.725, 0.875, 0.9, 0.725, 0.725, 0.5, 0.95, 0.9, 0.8, 0.875, 0.425, 0.675, 0.675, 0.9, 0.75]
mixed8:bookshop_concept15:[0.775, 0.675, 0.7, 0.85, 0.525, 0.7, 0.65, 0.8, 0.65, 0.875, 0.75, 0.85, 0.775, 0.625, 0.625, 0.875, 0.725, 0.8, 0.5, 0.9]
mixed8:bookshop_concept10:[0.675, 0.625, 0.9, 0.7, 0.55, 0.725, 0.575, 0.875, 0.875, 0.825, 0.725, 0.75, 0.625, 0.65, 0.725, 0.525, 0.725, 0.725, 0.9, 0.9]
mixed8:bookshop_concept7:[0.925, 0.625, 0.6, 0.675, 0.825, 0.8, 0.7, 0.75, 0.45, 0.8, 0.725, 0.875, 0.575, 0.625, 0.9, 0.775, 0.725, 0.725, 0.575, 0.85]
mixed8:bookshop_concept14:[0.625, 0.525, 0.525, 0.7, 0.55, 0.775, 0.675, 0.8, 0.8, 0.775, 0.9, 0.9, 0.825, 0.65, 0.775, 0.575, 0.85, 0.775, 0.825, 0.45]
mixed8:bookshop_concept8:[0.75, 0.85, 0.45, 0.775, 0.65, 0.7, 0.75, 0.825, 0.775, 0.6, 0.7, 0.775, 0.9, 0.65, 0.6, 0.625, 0.7, 0.825, 0.825, 0.5]
mixed8:bookshop_concept4:[0.625, 0.45, 0.4, 0.5, 0.675, 0.775, 0.675, 0.825, 0.7, 0.575, 0.575, 1.0, 0.775, 0.825, 0.9, 0.725, 0.7, 0.675, 0.5, 0.6]
mixed8:bookshop_concept16:[0.625, 0.475, 0.725, 0.65, 0.575, 0.725, 0.6, 0.7, 0.15, 0.45, 0.725, 0.75, 0.525, 0.6, 0.875, 0.525, 0.725, 0.8, 0.625, 0.55]
mixed8:bookshop_concept3:[0.35, 0.55, 0.6, 0.675, 0.45, 0.675, 0.475, 0.6, 0.675, 0.8, 0.5, 0.775, 0.625, 0.35, 0.775, 0.7, 0.55, 0.775, 0.675, 0.3]
mixed8:bookshop_concept17:[0.55, 0.7, 0.85, 0.525, 0.375, 0.3, 0.525, 0.725, 0.375, 0.675, 0.55, 0.825, 0.775, 0.425, 0.65, 0.425, 0.475, 0.7, 0.525, 0.475]
mixed8:bookshop_concept12:[0.375, 0.275, 0.55, 0.85, 0.375, 0.375, 0.2, 0.8, 0.35, 0.675, 0.35, 0.875, 0.425, 0.3, 0.375, 0.7, 0.425, 0.8, 0.4, 0.75]
mixed8:bookshop_concept2:[0.275, 0.35, 0.3, 0.525, 0.375, 0.375, 0.15, 0.6, 0.4, 0.375, 0.25, 0.65, 0.25, 0.325, 0.4, 0.4, 0.4, 0.6, 0.45, 0.525]