

			 ---CAV accuracies---

mixed8:lotion_concept5:0.9888888888888887±0.01697250257391054
mixed8:lotion_concept6:0.9814814814814815±0.02746740180405802
mixed8:lotion_concept18:0.9814814814814815±0.037951669503554074
mixed8:lotion_concept17:0.9962962962962962±0.011111111111111127
mixed8:lotion_concept4:0.9888888888888889±0.04074074074074075
mixed8:lotion_concept10:0.9833333333333332±0.02183301133805853
mixed8:lotion_concept3:0.9981481481481481±0.00807203508063089
mixed8:lotion_concept2:0.9740740740740741±0.03722176155970701
mixed8:lotion_concept16:0.9740740740740741±0.028926850651506127
mixed8:lotion_concept1:0.9666666666666666±0.04040263746161377
mixed8:lotion_concept13:0.9796296296296296±0.04607353816527679
mixed8:lotion_concept14:0.9814814814814813±0.021911406604072668
mixed8:lotion_concept9:0.9925925925925926±0.018885257457751062
mixed8:lotion_concept8:0.9925925925925926±0.018885257457751062
mixed8:lotion_concept7:0.9740740740740739±0.03902093982538054
mixed8:lotion_concept19:0.9777777777777776±0.033945005147821054
mixed8:lotion_concept11:0.9703703703703704±0.03228814032252352
mixed8:lotion_concept12:0.9796296296296296±0.039674602380793615
mixed8:lotion_concept15:0.959259259259259±0.032919238582650334
			 ---Raw CAV accuracies data---

mixed8:lotion_concept5:[1.0, 0.9629629629629629, 1.0, 1.0, 0.9629629629629629, 1.0, 1.0, 0.9629629629629629, 1.0, 0.9629629629629629, 1.0, 1.0, 1.0, 1.0, 1.0, 1.0, 0.9629629629629629, 1.0, 0.9629629629629629, 1.0]
mixed8:lotion_concept6:[1.0, 1.0, 0.9259259259259259, 1.0, 1.0, 1.0, 1.0, 0.9629629629629629, 0.9629629629629629, 0.9629629629629629, 1.0, 1.0, 1.0, 0.9629629629629629, 0.9259259259259259, 1.0, 0.9259259259259259, 1.0, 1.0, 1.0]
mixed8:lotion_concept18:[1.0, 1.0, 1.0, 1.0, 1.0, 0.9259259259259259, 1.0, 1.0, 1.0, 1.0, 0.8518518518518519, 0.9259259259259259, 1.0, 1.0, 1.0, 0.9629629629629629, 0.9629629629629629, 1.0, 1.0, 1.0]
mixed8:lotion_concept17:[1.0, 1.0, 1.0, 0.9629629629629629, 1.0, 1.0, 1.0, 1.0, 0.9629629629629629, 1.0, 1.0, 1.0, 1.0, 1.0, 1.0, 1.0, 1.0, 1.0, 1.0, 1.0]
mixed8:lotion_concept4:[1.0, 1.0, 1.0, 1.0, 1.0, 1.0, 0.9629629629629629, 0.8148148148148148, 1.0, 1.0, 1.0, 1.0, 1.0, 1.0, 1.0, 1.0, 1.0, 1.0, 1.0, 1.0]
mixed8:lotion_concept10:[1.0, 0.9629629629629629, 1.0, 0.9629629629629629, 1.0, 1.0, 1.0, 0.9629629629629629, 1.0, 0.9629629629629629, 0.9629629629629629, 0.9259259259259259, 1.0, 1.0, 0.9629629629629629, 1.0, 1.0, 0.9629629629629629, 1.0, 1.0]
mixed8:lotion_concept3:[1.0, 1.0, 1.0, 1.0, 1.0, 1.0, 1.0, 1.0, 1.0, 1.0, 1.0, 1.0, 1.0, 1.0, 0.9629629629629629, 1.0, 1.0, 1.0, 1.0, 1.0]
mixed8:lotion_concept2:[1.0, 1.0, 0.8888888888888888, 0.8888888888888888, 0.9259259259259259, 1.0, 1.0, 1.0, 0.9629629629629629, 1.0, 0.9629629629629629, 1.0, 1.0, 1.0, 1.0, 0.9259259259259259, 1.0, 0.9629629629629629, 1.0, 0.9629629629629629]
mixed8:lotion_concept16:[0.9629629629629629, 1.0, 1.0, 1.0, 0.9629629629629629, 0.9259259259259259, 1.0, 0.9629629629629629, 1.0, 0.9259259259259259, 0.9629629629629629, 0.9259259259259259, 1.0, 1.0, 1.0, 1.0, 0.9259259259259259, 0.9629629629629629, 1.0, 0.9629629629629629]
mixed8:lotion_concept1:[0.9259259259259259, 1.0, 1.0, 1.0, 0.9629629629629629, 0.9629629629629629, 1.0, 0.9629629629629629, 1.0, 0.9629629629629629, 1.0, 0.9259259259259259, 0.8888888888888888, 0.8888888888888888, 1.0, 1.0, 1.0, 0.9629629629629629, 0.8888888888888888, 1.0]
mixed8:lotion_concept13:[1.0, 0.8888888888888888, 0.9629629629629629, 0.9629629629629629, 1.0, 1.0, 1.0, 1.0, 1.0, 1.0, 0.9629629629629629, 1.0, 1.0, 1.0, 1.0, 1.0, 0.8148148148148148, 1.0, 1.0, 1.0]
mixed8:lotion_concept14:[0.9259259259259259, 0.9629629629629629, 1.0, 1.0, 1.0, 1.0, 0.9629629629629629, 1.0, 0.9629629629629629, 0.9629629629629629, 1.0, 1.0, 0.9629629629629629, 1.0, 1.0, 0.9629629629629629, 1.0, 0.9629629629629629, 0.9629629629629629, 1.0]
mixed8:lotion_concept9:[1.0, 1.0, 1.0, 0.9629629629629629, 0.9259259259259259, 1.0, 1.0, 1.0, 1.0, 1.0, 1.0, 1.0, 1.0, 1.0, 1.0, 0.9629629629629629, 1.0, 1.0, 1.0, 1.0]
mixed8:lotion_concept8:[1.0, 1.0, 1.0, 1.0, 1.0, 1.0, 1.0, 1.0, 1.0, 0.9259259259259259, 0.9629629629629629, 1.0, 1.0, 1.0, 0.9629629629629629, 1.0, 1.0, 1.0, 1.0, 1.0]
mixed8:lotion_concept7:[1.0, 1.0, 1.0, 1.0, 0.9629629629629629, 1.0, 0.9629629629629629, 0.9629629629629629, 1.0, 0.8888888888888888, 1.0, 0.8888888888888888, 1.0, 1.0, 0.8888888888888888, 1.0, 1.0, 0.9629629629629629, 1.0, 0.9629629629629629]
mixed8:lotion_concept19:[1.0, 0.9629629629629629, 1.0, 1.0, 1.0, 1.0, 1.0, 0.9629629629629629, 1.0, 1.0, 0.9629629629629629, 1.0, 0.9629629629629629, 0.9629629629629629, 0.8888888888888888, 1.0, 1.0, 0.8888888888888888, 1.0, 0.9629629629629629]
mixed8:lotion_concept11:[1.0, 0.9629629629629629, 0.9629629629629629, 0.9629629629629629, 1.0, 0.9259259259259259, 1.0, 0.9629629629629629, 0.9259259259259259, 1.0, 1.0, 1.0, 1.0, 1.0, 0.9629629629629629, 0.8888888888888888, 0.9629629629629629, 1.0, 0.9629629629629629, 0.9259259259259259]
mixed8:lotion_concept12:[1.0, 0.9629629629629629, 1.0, 1.0, 0.9629629629629629, 0.9629629629629629, 1.0, 0.8888888888888888, 1.0, 1.0, 1.0, 1.0, 1.0, 1.0, 1.0, 1.0, 0.9629629629629629, 1.0, 0.8518518518518519, 1.0]
mixed8:lotion_concept15:[0.9629629629629629, 0.9629629629629629, 0.9259259259259259, 0.9629629629629629, 0.9259259259259259, 1.0, 0.8888888888888888, 1.0, 1.0, 0.9629629629629629, 0.8888888888888888, 0.9629629629629629, 0.9629629629629629, 0.9629629629629629, 0.9259259259259259, 1.0, 0.9629629629629629, 0.9629629629629629, 0.9629629629629629, 1.0]

			 ---TCAV scores---

mixed8:lotion_concept5:0.6637499999999998±0.12335796488269413,0.003824010194511903
mixed8:lotion_concept6:0.6125±0.08821139382188674,0.03697015567775306
mixed8:lotion_concept18:0.60125±0.1347393316741626,0.1931815077001609
mixed8:lotion_concept17:0.5962500000000002±0.16474886190805688,0.281232593647139
mixed8:lotion_concept4:0.59375±0.12471843287982733,0.2168633647456089
mixed8:lotion_concept10:0.55375±0.11653191622898852,0.7353663989113303
mixed8:lotion_concept3:0.5150000000000001±0.12155245781143217,0.605754596637446
mixed8:lotion_concept2:0.5037499999999999±0.0926266025502393,0.3999980699166954
mixed8:lotion_concept16:0.475±0.15751984002023364,0.1857714994171609
mixed8:lotion_concept1:0.46875±0.07326109131046303,0.0838787954219876
mixed8:lotion_concept13:0.465±0.11521718621802912,0.1427985116934211
mixed8:lotion_concept14:0.45874999999999994±0.10673419086684453,0.028368928143668908
mixed8:lotion_concept9:0.4575±0.11939953936259554,0.0642362995818414
mixed8:lotion_concept8:0.45625±0.11064441919952402,0.024942930176206753
mixed8:lotion_concept7:0.44375±0.12471843287982737,0.03506162635088652
mixed8:lotion_concept19:0.4325±0.0912071817347735,0.009968935223472404
mixed8:lotion_concept11:0.42374999999999996±0.14884450779252822,0.011944983083502225
mixed8:lotion_concept12:0.41625000000000006±0.12631186603007652,0.004394162858714733
mixed8:lotion_concept15:0.3975±0.10485108487755385,0.00018041229594227225
			 ---Raw TCAV scores data---

mixed8:lotion_concept5:[0.675, 0.675, 0.625, 0.4, 0.6, 0.575, 0.775, 0.875, 0.825, 0.775, 0.725, 0.8, 0.775, 0.475, 0.625, 0.7, 0.7, 0.45, 0.6, 0.625]
mixed8:lotion_concept6:[0.675, 0.65, 0.65, 0.675, 0.575, 0.625, 0.7, 0.65, 0.525, 0.775, 0.7, 0.725, 0.55, 0.6, 0.55, 0.6, 0.625, 0.525, 0.4, 0.475]
mixed8:lotion_concept18:[0.475, 0.65, 0.7, 0.675, 0.675, 0.375, 0.85, 0.7, 0.725, 0.775, 0.575, 0.475, 0.5, 0.475, 0.55, 0.55, 0.825, 0.525, 0.375, 0.575]
mixed8:lotion_concept17:[0.725, 0.85, 0.6, 0.7, 0.65, 0.5, 0.8, 0.325, 0.55, 0.725, 0.775, 0.325, 0.6, 0.775, 0.325, 0.7, 0.65, 0.425, 0.55, 0.375]
mixed8:lotion_concept4:[0.725, 0.5, 0.7, 0.75, 0.6, 0.45, 0.575, 0.775, 0.4, 0.6, 0.75, 0.55, 0.75, 0.5, 0.75, 0.35, 0.525, 0.525, 0.525, 0.575]
mixed8:lotion_concept10:[0.6, 0.525, 0.525, 0.225, 0.55, 0.5, 0.575, 0.45, 0.65, 0.575, 0.675, 0.675, 0.575, 0.7, 0.6, 0.625, 0.525, 0.325, 0.5, 0.7]
mixed8:lotion_concept3:[0.45, 0.425, 0.275, 0.5, 0.7, 0.4, 0.55, 0.425, 0.575, 0.525, 0.6, 0.7, 0.65, 0.4, 0.675, 0.5, 0.6, 0.525, 0.55, 0.275]
mixed8:lotion_concept2:[0.5, 0.45, 0.35, 0.625, 0.6, 0.4, 0.4, 0.6, 0.55, 0.625, 0.65, 0.45, 0.525, 0.425, 0.575, 0.55, 0.325, 0.45, 0.525, 0.5]
mixed8:lotion_concept16:[0.7, 0.45, 0.425, 0.65, 0.775, 0.325, 0.55, 0.475, 0.45, 0.425, 0.675, 0.45, 0.75, 0.35, 0.275, 0.4, 0.375, 0.225, 0.275, 0.5]
mixed8:lotion_concept1:[0.4, 0.45, 0.45, 0.4, 0.55, 0.3, 0.475, 0.55, 0.55, 0.6, 0.525, 0.425, 0.525, 0.375, 0.5, 0.5, 0.5, 0.5, 0.375, 0.425]
mixed8:lotion_concept13:[0.35, 0.425, 0.425, 0.55, 0.5, 0.4, 0.425, 0.45, 0.575, 0.5, 0.525, 0.65, 0.475, 0.3, 0.55, 0.225, 0.6, 0.25, 0.625, 0.5]
mixed8:lotion_concept14:[0.475, 0.3, 0.475, 0.575, 0.2, 0.4, 0.6, 0.575, 0.475, 0.35, 0.55, 0.525, 0.525, 0.45, 0.475, 0.4, 0.575, 0.525, 0.45, 0.275]
mixed8:lotion_concept9:[0.475, 0.45, 0.525, 0.4, 0.375, 0.425, 0.325, 0.475, 0.175, 0.45, 0.55, 0.6, 0.7, 0.325, 0.475, 0.575, 0.35, 0.45, 0.4, 0.65]
mixed8:lotion_concept8:[0.575, 0.325, 0.4, 0.4, 0.4, 0.175, 0.375, 0.6, 0.475, 0.525, 0.6, 0.525, 0.55, 0.575, 0.525, 0.375, 0.475, 0.375, 0.55, 0.325]
mixed8:lotion_concept7:[0.425, 0.225, 0.2, 0.375, 0.55, 0.35, 0.425, 0.45, 0.625, 0.475, 0.475, 0.525, 0.5, 0.5, 0.625, 0.625, 0.525, 0.3, 0.45, 0.25]
mixed8:lotion_concept19:[0.375, 0.3, 0.35, 0.475, 0.375, 0.3, 0.5, 0.475, 0.4, 0.5, 0.55, 0.6, 0.325, 0.4, 0.475, 0.4, 0.45, 0.3, 0.575, 0.525]
mixed8:lotion_concept11:[0.65, 0.4, 0.475, 0.575, 0.6, 0.15, 0.35, 0.35, 0.525, 0.5, 0.55, 0.675, 0.3, 0.275, 0.375, 0.45, 0.45, 0.2, 0.45, 0.175]
mixed8:lotion_concept12:[0.4, 0.425, 0.2, 0.35, 0.325, 0.5, 0.275, 0.6, 0.425, 0.5, 0.45, 0.625, 0.675, 0.375, 0.5, 0.45, 0.45, 0.25, 0.25, 0.3]
mixed8:lotion_concept15:[0.475, 0.55, 0.275, 0.35, 0.3, 0.35, 0.4, 0.55, 0.225, 0.475, 0.475, 0.6, 0.45, 0.25, 0.4, 0.4, 0.475, 0.375, 0.275, 0.3]