

			 ---CAV accuracies---

mixed8:damselfly_concept5:0.9907407407407407±0.01603750747748963
mixed8:damselfly_concept11:0.9907407407407407±0.01603750747748963
mixed8:damselfly_concept3:0.9888888888888887±0.01697250257391054
mixed8:damselfly_concept17:0.9944444444444445±0.013224867460264555
mixed8:damselfly_concept8:0.9888888888888889±0.028926850651506138
mixed8:damselfly_concept21:0.9944444444444445±0.01766554076698048
mixed8:damselfly_concept19:0.9888888888888889±0.023715274953455
mixed8:damselfly_concept13:0.9944444444444445±0.01766554076698048
mixed8:damselfly_concept1:0.9685185185185186±0.035669185711589314
mixed8:damselfly_concept9:0.9796296296296296±0.03202151197368627
mixed8:damselfly_concept18:0.9703703703703704±0.03813196348513705
mixed8:damselfly_concept6:0.9685185185185186±0.033691491479000475
mixed8:damselfly_concept14:0.9814814814814815±0.024845199749997677
mixed8:damselfly_concept7:0.9851851851851852±0.02456759103966964
mixed8:damselfly_concept12:0.9833333333333332±0.02183301133805853
mixed8:damselfly_concept10:0.9777777777777776±0.03186046395200974
mixed8:damselfly_concept20:0.9537037037037036±0.04666519691983019
mixed8:damselfly_concept2:0.9907407407407407±0.019858898694006692
mixed8:damselfly_concept4:0.9796296296296296±0.024776089185666032
mixed8:damselfly_concept15:0.9685185185185186±0.03932733441036168
mixed8:damselfly_concept16:0.9592592592592591±0.046701926714512954
			 ---Raw CAV accuracies data---

mixed8:damselfly_concept5:[1.0, 1.0, 1.0, 1.0, 0.9629629629629629, 0.9629629629629629, 1.0, 0.9629629629629629, 1.0, 1.0, 1.0, 1.0, 1.0, 1.0, 1.0, 1.0, 1.0, 0.9629629629629629, 0.9629629629629629, 1.0]
mixed8:damselfly_concept11:[1.0, 0.9629629629629629, 0.9629629629629629, 1.0, 0.9629629629629629, 1.0, 1.0, 1.0, 1.0, 0.9629629629629629, 1.0, 1.0, 1.0, 1.0, 1.0, 1.0, 1.0, 1.0, 1.0, 0.9629629629629629]
mixed8:damselfly_concept3:[1.0, 0.9629629629629629, 0.9629629629629629, 1.0, 1.0, 1.0, 0.9629629629629629, 1.0, 1.0, 1.0, 0.9629629629629629, 1.0, 1.0, 1.0, 0.9629629629629629, 1.0, 1.0, 0.9629629629629629, 1.0, 1.0]
mixed8:damselfly_concept17:[0.9629629629629629, 1.0, 0.9629629629629629, 0.9629629629629629, 1.0, 1.0, 1.0, 1.0, 1.0, 1.0, 1.0, 1.0, 1.0, 1.0, 1.0, 1.0, 1.0, 1.0, 1.0, 1.0]
mixed8:damselfly_concept8:[1.0, 1.0, 1.0, 1.0, 1.0, 1.0, 1.0, 1.0, 1.0, 0.9259259259259259, 0.9629629629629629, 1.0, 1.0, 1.0, 1.0, 1.0, 1.0, 1.0, 1.0, 0.8888888888888888]
mixed8:damselfly_concept21:[1.0, 1.0, 1.0, 1.0, 1.0, 1.0, 0.9629629629629629, 1.0, 1.0, 1.0, 1.0, 1.0, 1.0, 1.0, 1.0, 1.0, 1.0, 0.9259259259259259, 1.0, 1.0]
mixed8:damselfly_concept19:[1.0, 1.0, 1.0, 1.0, 1.0, 0.9259259259259259, 0.9629629629629629, 1.0, 1.0, 1.0, 1.0, 1.0, 0.9629629629629629, 1.0, 1.0, 1.0, 1.0, 1.0, 1.0, 0.9259259259259259]
mixed8:damselfly_concept13:[1.0, 1.0, 1.0, 0.9629629629629629, 1.0, 1.0, 1.0, 1.0, 1.0, 1.0, 1.0, 1.0, 1.0, 1.0, 1.0, 1.0, 0.9259259259259259, 1.0, 1.0, 1.0]
mixed8:damselfly_concept1:[1.0, 0.9629629629629629, 1.0, 1.0, 0.9629629629629629, 1.0, 0.9259259259259259, 0.9259259259259259, 0.9629629629629629, 1.0, 1.0, 0.9259259259259259, 1.0, 1.0, 0.8888888888888888, 0.9259259259259259, 1.0, 0.9259259259259259, 0.9629629629629629, 1.0]
mixed8:damselfly_concept9:[1.0, 1.0, 0.9259259259259259, 1.0, 1.0, 1.0, 0.9629629629629629, 0.9259259259259259, 1.0, 1.0, 0.9629629629629629, 1.0, 1.0, 1.0, 1.0, 0.9629629629629629, 1.0, 1.0, 0.9629629629629629, 0.8888888888888888]
mixed8:damselfly_concept18:[1.0, 1.0, 1.0, 0.9629629629629629, 0.8888888888888888, 1.0, 0.9259259259259259, 0.9259259259259259, 0.9629629629629629, 0.9259259259259259, 0.9629629629629629, 1.0, 1.0, 1.0, 1.0, 0.9629629629629629, 1.0, 0.8888888888888888, 1.0, 1.0]
mixed8:damselfly_concept6:[0.9629629629629629, 0.9259259259259259, 1.0, 0.9629629629629629, 0.9259259259259259, 0.9629629629629629, 1.0, 1.0, 1.0, 1.0, 1.0, 1.0, 0.8888888888888888, 0.9629629629629629, 1.0, 1.0, 0.9259259259259259, 0.9629629629629629, 0.9629629629629629, 0.9259259259259259]
mixed8:damselfly_concept14:[1.0, 0.9629629629629629, 1.0, 0.9629629629629629, 0.9629629629629629, 0.9629629629629629, 1.0, 1.0, 0.9259259259259259, 1.0, 1.0, 1.0, 1.0, 1.0, 1.0, 1.0, 0.9629629629629629, 0.9259259259259259, 0.9629629629629629, 1.0]
mixed8:damselfly_concept7:[1.0, 1.0, 1.0, 1.0, 0.9259259259259259, 1.0, 0.9629629629629629, 1.0, 1.0, 1.0, 1.0, 0.9629629629629629, 1.0, 1.0, 1.0, 1.0, 0.9629629629629629, 0.9259259259259259, 1.0, 0.9629629629629629]
mixed8:damselfly_concept12:[1.0, 0.9629629629629629, 0.9259259259259259, 0.9629629629629629, 1.0, 1.0, 1.0, 1.0, 1.0, 1.0, 1.0, 0.9629629629629629, 1.0, 1.0, 1.0, 0.9629629629629629, 1.0, 0.9629629629629629, 0.9629629629629629, 0.9629629629629629]
mixed8:damselfly_concept10:[1.0, 0.8888888888888888, 1.0, 1.0, 0.9629629629629629, 1.0, 1.0, 0.9629629629629629, 1.0, 1.0, 1.0, 1.0, 1.0, 0.9259259259259259, 0.9629629629629629, 0.9629629629629629, 0.9259259259259259, 0.9629629629629629, 1.0, 1.0]
mixed8:damselfly_concept20:[0.8888888888888888, 0.9629629629629629, 0.9259259259259259, 0.9259259259259259, 1.0, 0.9629629629629629, 1.0, 1.0, 0.9629629629629629, 0.9629629629629629, 1.0, 0.9629629629629629, 0.9629629629629629, 1.0, 0.9259259259259259, 0.9259259259259259, 1.0, 0.8518518518518519, 0.8518518518518519, 1.0]
mixed8:damselfly_concept2:[1.0, 0.9259259259259259, 1.0, 1.0, 0.9629629629629629, 1.0, 1.0, 1.0, 1.0, 1.0, 1.0, 1.0, 0.9629629629629629, 0.9629629629629629, 1.0, 1.0, 1.0, 1.0, 1.0, 1.0]
mixed8:damselfly_concept4:[0.9259259259259259, 1.0, 0.9629629629629629, 1.0, 0.9629629629629629, 1.0, 1.0, 0.9259259259259259, 1.0, 1.0, 0.9629629629629629, 0.9629629629629629, 1.0, 0.9629629629629629, 0.9629629629629629, 1.0, 1.0, 1.0, 1.0, 0.9629629629629629]
mixed8:damselfly_concept15:[1.0, 0.9629629629629629, 1.0, 1.0, 1.0, 1.0, 1.0, 0.8888888888888888, 0.9629629629629629, 1.0, 1.0, 0.9259259259259259, 1.0, 0.9259259259259259, 1.0, 0.9259259259259259, 0.9259259259259259, 0.9629629629629629, 0.8888888888888888, 1.0]
mixed8:damselfly_concept16:[1.0, 0.9629629629629629, 0.8888888888888888, 0.9259259259259259, 1.0, 0.8888888888888888, 1.0, 0.9259259259259259, 0.9629629629629629, 1.0, 1.0, 1.0, 1.0, 1.0, 0.8888888888888888, 1.0, 0.8888888888888888, 0.9629629629629629, 0.8888888888888888, 1.0]

			 ---TCAV scores---

mixed8:damselfly_concept5:0.48999999999999994±0.12509996003196805,0.008345536028823639
mixed8:damselfly_concept11:0.45499999999999996±0.16058486852751724,0.024182058105611637
mixed8:damselfly_concept3:0.4437500000000001±0.14161457375566963,0.015261053913502996
mixed8:damselfly_concept17:0.43624999999999997±0.1638358553552915,0.13241343822842716
mixed8:damselfly_concept8:0.43374999999999997±0.13722130847648992,0.07898223952771125
mixed8:damselfly_concept21:0.42749999999999994±0.16712644913358268,0.2235621775441698
mixed8:damselfly_concept19:0.4074999999999999±0.10491067629178642,0.22295271759372512
mixed8:damselfly_concept13:0.40249999999999997±0.11669940016983806,0.28168328625292705
mixed8:damselfly_concept1:0.37499999999999994±0.14230249470757708,0.5487426077931199
mixed8:damselfly_concept9:0.3662500000000001±0.10555656066772921,0.7578478472717634
mixed8:damselfly_concept18:0.33999999999999997±0.10851267207105353,0.6984428612664673
mixed8:damselfly_concept6:0.3375±0.11898004034290793,0.6431933480646665
mixed8:damselfly_concept14:0.33±0.08753570700005799,0.48204674085709875
mixed8:damselfly_concept7:0.33±0.16707034446603622,0.5842907196967203
mixed8:damselfly_concept12:0.32999999999999996±0.11979148550710939,0.4555332433361312
mixed8:damselfly_concept10:0.31999999999999995±0.10049875621120889,0.4015363009164423
mixed8:damselfly_concept20:0.29500000000000004±0.11224972160321826,0.10239755232206894
mixed8:damselfly_concept2:0.27749999999999997±0.10455261833163242,0.06254195357302912
mixed8:damselfly_concept4:0.26999999999999996±0.08463155439905379,0.03810459439987675
mixed8:damselfly_concept15:0.2±0.08477912478906585,0.00013414816073854246
mixed8:damselfly_concept16:0.18375±0.09160888330287625,0.0002621607327025011
			 ---Raw TCAV scores data---

mixed8:damselfly_concept5:[0.475, 0.475, 0.525, 0.65, 0.4, 0.4, 0.475, 0.325, 0.6, 0.725, 0.625, 0.625, 0.425, 0.225, 0.625, 0.425, 0.6, 0.45, 0.4, 0.35]
mixed8:damselfly_concept11:[0.6, 0.175, 0.6, 0.525, 0.475, 0.45, 0.425, 0.475, 0.725, 0.4, 0.375, 0.825, 0.225, 0.275, 0.375, 0.35, 0.375, 0.675, 0.425, 0.35]
mixed8:damselfly_concept3:[0.425, 0.2, 0.475, 0.45, 0.55, 0.55, 0.35, 0.7, 0.625, 0.625, 0.225, 0.25, 0.55, 0.3, 0.425, 0.6, 0.4, 0.5, 0.4, 0.275]
mixed8:damselfly_concept17:[0.425, 0.225, 0.3, 0.275, 0.275, 0.55, 0.375, 0.225, 0.6, 0.575, 0.325, 0.725, 0.375, 0.675, 0.475, 0.275, 0.275, 0.475, 0.725, 0.575]
mixed8:damselfly_concept8:[0.475, 0.3, 0.3, 0.475, 0.625, 0.25, 0.4, 0.675, 0.35, 0.4, 0.325, 0.325, 0.55, 0.375, 0.375, 0.325, 0.325, 0.725, 0.65, 0.45]
mixed8:damselfly_concept21:[0.325, 0.375, 0.625, 0.75, 0.35, 0.5, 0.35, 0.2, 0.575, 0.325, 0.575, 0.4, 0.8, 0.2, 0.525, 0.375, 0.4, 0.175, 0.325, 0.4]
mixed8:damselfly_concept19:[0.5, 0.425, 0.275, 0.275, 0.525, 0.375, 0.35, 0.325, 0.475, 0.425, 0.575, 0.275, 0.575, 0.325, 0.4, 0.5, 0.425, 0.55, 0.35, 0.225]
mixed8:damselfly_concept13:[0.55, 0.425, 0.15, 0.425, 0.25, 0.475, 0.325, 0.35, 0.4, 0.6, 0.35, 0.275, 0.525, 0.575, 0.35, 0.475, 0.35, 0.3, 0.35, 0.55]
mixed8:damselfly_concept1:[0.4, 0.3, 0.3, 0.275, 0.375, 0.425, 0.475, 0.6, 0.25, 0.55, 0.275, 0.175, 0.35, 0.35, 0.45, 0.4, 0.175, 0.775, 0.25, 0.35]
mixed8:damselfly_concept9:[0.325, 0.275, 0.275, 0.4, 0.4, 0.225, 0.425, 0.45, 0.475, 0.5, 0.125, 0.275, 0.4, 0.2, 0.475, 0.425, 0.525, 0.4, 0.425, 0.325]
mixed8:damselfly_concept18:[0.425, 0.2, 0.25, 0.25, 0.35, 0.25, 0.3, 0.45, 0.325, 0.35, 0.275, 0.625, 0.45, 0.15, 0.275, 0.325, 0.3, 0.325, 0.475, 0.45]
mixed8:damselfly_concept6:[0.225, 0.175, 0.45, 0.2, 0.275, 0.425, 0.3, 0.45, 0.475, 0.525, 0.3, 0.525, 0.2, 0.35, 0.375, 0.5, 0.3, 0.225, 0.15, 0.325]
mixed8:damselfly_concept14:[0.525, 0.35, 0.3, 0.2, 0.3, 0.4, 0.275, 0.275, 0.5, 0.275, 0.225, 0.35, 0.375, 0.175, 0.425, 0.35, 0.275, 0.35, 0.3, 0.375]
mixed8:damselfly_concept7:[0.7, 0.125, 0.275, 0.4, 0.375, 0.2, 0.2, 0.15, 0.3, 0.65, 0.325, 0.575, 0.475, 0.25, 0.275, 0.175, 0.075, 0.425, 0.4, 0.25]
mixed8:damselfly_concept12:[0.325, 0.4, 0.2, 0.275, 0.25, 0.1, 0.3, 0.425, 0.4, 0.45, 0.3, 0.425, 0.425, 0.15, 0.475, 0.35, 0.3, 0.6, 0.175, 0.275]
mixed8:damselfly_concept10:[0.375, 0.325, 0.15, 0.2, 0.35, 0.35, 0.4, 0.3, 0.3, 0.325, 0.275, 0.625, 0.425, 0.225, 0.275, 0.325, 0.2, 0.375, 0.375, 0.225]
mixed8:damselfly_concept20:[0.225, 0.175, 0.3, 0.225, 0.275, 0.3, 0.325, 0.35, 0.35, 0.4, 0.225, 0.45, 0.225, 0.15, 0.175, 0.4, 0.175, 0.625, 0.325, 0.225]
mixed8:damselfly_concept2:[0.3, 0.15, 0.225, 0.225, 0.2, 0.325, 0.35, 0.2, 0.45, 0.3, 0.25, 0.5, 0.2, 0.225, 0.3, 0.475, 0.175, 0.35, 0.25, 0.1]
mixed8:damselfly_concept4:[0.475, 0.4, 0.3, 0.3, 0.275, 0.2, 0.1, 0.175, 0.3, 0.375, 0.275, 0.25, 0.275, 0.175, 0.275, 0.325, 0.25, 0.2, 0.175, 0.3]
mixed8:damselfly_concept15:[0.475, 0.2, 0.275, 0.225, 0.175, 0.2, 0.2, 0.25, 0.175, 0.3, 0.1, 0.2, 0.125, 0.15, 0.125, 0.275, 0.1, 0.175, 0.125, 0.15]
mixed8:damselfly_concept16:[0.425, 0.125, 0.325, 0.125, 0.125, 0.175, 0.1, 0.125, 0.2, 0.25, 0.3, 0.1, 0.05, 0.05, 0.2, 0.2, 0.175, 0.225, 0.25, 0.15]