

			 ---CAV accuracies---

mixed8:bubble_concept5:0.9685185185185186±0.04267303193260338
mixed8:bubble_concept15:0.9907407407407407±0.019858898694006692
mixed8:bubble_concept7:0.9888888888888889±0.016972502573910545
mixed8:bubble_concept12:0.9907407407407408±0.019858898694006696
mixed8:bubble_concept6:0.9888888888888889±0.020621349491963054
mixed8:bubble_concept3:0.9814814814814815±0.03414646095293663
mixed8:bubble_concept2:0.9833333333333334±0.024776089185666032
mixed8:bubble_concept1:0.9888888888888889±0.02644973492052909
mixed8:bubble_concept4:0.9685185185185186±0.03754284246798759
mixed8:bubble_concept16:0.9648148148148146±0.04299328431942186
mixed8:bubble_concept14:0.9518518518518517±0.04239082645281333
mixed8:bubble_concept13:0.9555555555555554±0.06687211142691774
mixed8:bubble_concept17:0.9777777777777781±0.035908739684565406
mixed8:bubble_concept19:0.9759259259259258±0.044251122760550085
mixed8:bubble_concept9:0.9592592592592591±0.05844345865947963
mixed8:bubble_concept11:0.9574074074074075±0.05527707983925667
mixed8:bubble_concept8:0.9592592592592591±0.04955217837133205
mixed8:bubble_concept10:0.9592592592592591±0.05604720722378353
mixed8:bubble_concept18:0.962962962962963±0.05237828008789242
			 ---Raw CAV accuracies data---

mixed8:bubble_concept5:[0.9259259259259259, 1.0, 1.0, 0.9629629629629629, 1.0, 0.8518518518518519, 1.0, 1.0, 0.9629629629629629, 1.0, 1.0, 0.9259259259259259, 0.8888888888888888, 1.0, 0.9629629629629629, 0.9629629629629629, 1.0, 0.9259259259259259, 1.0, 1.0]
mixed8:bubble_concept15:[1.0, 1.0, 1.0, 1.0, 0.9629629629629629, 1.0, 1.0, 1.0, 0.9259259259259259, 1.0, 1.0, 1.0, 1.0, 1.0, 1.0, 0.9629629629629629, 1.0, 0.9629629629629629, 1.0, 1.0]
mixed8:bubble_concept7:[1.0, 0.9629629629629629, 1.0, 1.0, 0.9629629629629629, 1.0, 1.0, 1.0, 1.0, 0.9629629629629629, 0.9629629629629629, 0.9629629629629629, 1.0, 1.0, 0.9629629629629629, 1.0, 1.0, 1.0, 1.0, 1.0]
mixed8:bubble_concept12:[0.9629629629629629, 1.0, 1.0, 0.9259259259259259, 1.0, 1.0, 1.0, 1.0, 1.0, 1.0, 1.0, 1.0, 1.0, 0.9629629629629629, 0.9629629629629629, 1.0, 1.0, 1.0, 1.0, 1.0]
mixed8:bubble_concept6:[1.0, 0.9259259259259259, 0.9629629629629629, 1.0, 1.0, 1.0, 1.0, 0.9629629629629629, 1.0, 0.9629629629629629, 1.0, 1.0, 1.0, 1.0, 1.0, 0.9629629629629629, 1.0, 1.0, 1.0, 1.0]
mixed8:bubble_concept3:[1.0, 1.0, 1.0, 1.0, 1.0, 1.0, 1.0, 1.0, 1.0, 1.0, 1.0, 0.9259259259259259, 1.0, 0.9259259259259259, 0.8888888888888888, 1.0, 0.9629629629629629, 1.0, 0.9259259259259259, 1.0]
mixed8:bubble_concept2:[1.0, 0.9629629629629629, 0.9259259259259259, 1.0, 0.9629629629629629, 1.0, 1.0, 1.0, 1.0, 1.0, 1.0, 0.9629629629629629, 0.9629629629629629, 1.0, 1.0, 1.0, 1.0, 1.0, 0.9259259259259259, 0.9629629629629629]
mixed8:bubble_concept1:[1.0, 1.0, 0.8888888888888888, 1.0, 1.0, 1.0, 1.0, 1.0, 1.0, 1.0, 1.0, 1.0, 0.9629629629629629, 0.9629629629629629, 1.0, 0.9629629629629629, 1.0, 1.0, 1.0, 1.0]
mixed8:bubble_concept4:[1.0, 1.0, 0.8888888888888888, 1.0, 0.9259259259259259, 0.9629629629629629, 1.0, 1.0, 0.9629629629629629, 1.0, 0.9629629629629629, 1.0, 0.9629629629629629, 0.9259259259259259, 0.8888888888888888, 0.9629629629629629, 1.0, 1.0, 0.9259259259259259, 1.0]
mixed8:bubble_concept16:[1.0, 0.9629629629629629, 0.9629629629629629, 1.0, 1.0, 1.0, 1.0, 0.9629629629629629, 1.0, 0.9259259259259259, 1.0, 0.9259259259259259, 0.9629629629629629, 0.9629629629629629, 1.0, 0.9259259259259259, 0.9629629629629629, 0.9629629629629629, 0.8148148148148148, 0.9629629629629629]
mixed8:bubble_concept14:[1.0, 0.9629629629629629, 0.9259259259259259, 0.9259259259259259, 0.9629629629629629, 0.9259259259259259, 0.9259259259259259, 0.9629629629629629, 1.0, 1.0, 1.0, 1.0, 1.0, 0.9629629629629629, 0.9259259259259259, 0.8888888888888888, 0.8518518518518519, 0.8888888888888888, 0.9629629629629629, 0.9629629629629629]
mixed8:bubble_concept13:[0.9629629629629629, 0.9629629629629629, 0.9259259259259259, 0.9629629629629629, 1.0, 0.9629629629629629, 1.0, 1.0, 0.7037037037037037, 0.8888888888888888, 0.8888888888888888, 1.0, 0.9629629629629629, 1.0, 1.0, 0.9629629629629629, 1.0, 0.9629629629629629, 1.0, 0.9629629629629629]
mixed8:bubble_concept17:[0.9629629629629629, 1.0, 1.0, 1.0, 1.0, 1.0, 1.0, 1.0, 0.9259259259259259, 1.0, 1.0, 1.0, 1.0, 0.8888888888888888, 1.0, 1.0, 1.0, 0.9259259259259259, 0.9259259259259259, 0.9259259259259259]
mixed8:bubble_concept19:[0.9629629629629629, 1.0, 1.0, 0.9629629629629629, 0.9629629629629629, 0.9259259259259259, 0.9259259259259259, 1.0, 1.0, 1.0, 0.9629629629629629, 1.0, 1.0, 1.0, 1.0, 1.0, 1.0, 1.0, 1.0, 0.8148148148148148]
mixed8:bubble_concept9:[0.9629629629629629, 1.0, 0.9629629629629629, 0.9629629629629629, 1.0, 1.0, 1.0, 1.0, 0.9629629629629629, 0.8148148148148148, 0.9629629629629629, 0.9629629629629629, 0.9629629629629629, 0.9629629629629629, 1.0, 0.9259259259259259, 1.0, 1.0, 0.9629629629629629, 0.7777777777777778]
mixed8:bubble_concept11:[0.9629629629629629, 0.7777777777777778, 0.9259259259259259, 0.9259259259259259, 1.0, 1.0, 1.0, 1.0, 0.9629629629629629, 1.0, 1.0, 0.9629629629629629, 1.0, 0.9629629629629629, 0.8888888888888888, 0.9629629629629629, 1.0, 0.8888888888888888, 0.9259259259259259, 1.0]
mixed8:bubble_concept8:[0.8888888888888888, 0.8518518518518519, 1.0, 0.9629629629629629, 0.9629629629629629, 0.9259259259259259, 1.0, 1.0, 0.9629629629629629, 0.9629629629629629, 0.8518518518518519, 1.0, 1.0, 1.0, 0.9629629629629629, 1.0, 1.0, 0.9629629629629629, 0.8888888888888888, 1.0]
mixed8:bubble_concept10:[0.7777777777777778, 1.0, 1.0, 1.0, 0.8518518518518519, 0.9629629629629629, 0.9629629629629629, 1.0, 0.9629629629629629, 0.9259259259259259, 1.0, 0.9629629629629629, 1.0, 0.9259259259259259, 0.9259259259259259, 1.0, 0.9629629629629629, 0.9629629629629629, 1.0, 1.0]
mixed8:bubble_concept18:[1.0, 0.9629629629629629, 1.0, 0.9629629629629629, 1.0, 1.0, 0.9629629629629629, 0.8518518518518519, 1.0, 1.0, 0.8148148148148148, 1.0, 0.9629629629629629, 0.9629629629629629, 1.0, 1.0, 0.9259259259259259, 0.9629629629629629, 0.8888888888888888, 1.0]

			 ---TCAV scores---

mixed8:bubble_concept5:0.7074999999999999±0.17608591652940334,0.0056380910614124815
mixed8:bubble_concept15:0.68875±0.24779969229198007,0.014576137375344493
mixed8:bubble_concept7:0.625±0.23861579997980015,0.076708174659234
mixed8:bubble_concept12:0.61125±0.2541499311430165,0.09664620416812268
mixed8:bubble_concept6:0.525±0.2053959590644373,0.4014360324450561
mixed8:bubble_concept3:0.42000000000000004±0.19212626056840848,0.7775307431358882
mixed8:bubble_concept2:0.41125000000000006±0.16742069017896202,0.6879845884035402
mixed8:bubble_concept1:0.38250000000000006±0.23131418028300815,0.4839964615639174
mixed8:bubble_concept4:0.375±0.20478647416272394,0.41479975896182464
mixed8:bubble_concept16:0.37374999999999997±0.20713446719462214,0.3032220029903861
mixed8:bubble_concept14:0.275±0.1809696107085386,0.015056329629812988
mixed8:bubble_concept13:0.17500000000000002±0.10062305898749054,0.000504437370528308
mixed8:bubble_concept17:0.17125±0.10555656066772923,0.002551753619423501
mixed8:bubble_concept19:0.1025±0.08362864341838866,0.0001434471950746918
mixed8:bubble_concept9:0.08625±0.09235630731032937,9.277775506039649e-05
mixed8:bubble_concept11:0.05375±0.07427777258372789,1.5840211012278757e-05
mixed8:bubble_concept8:0.04±0.06864765108872992,1.1733214334928879e-05
mixed8:bubble_concept10:0.04±0.04703721930556695,2.8240564053880528e-05
mixed8:bubble_concept18:0.005±0.01274754878398196,4.390313101899847e-06
			 ---Raw TCAV scores data---

mixed8:bubble_concept5:[0.95, 0.625, 0.45, 0.85, 0.65, 0.95, 0.475, 0.675, 0.45, 0.85, 0.625, 0.5, 0.825, 0.85, 0.825, 0.6, 0.825, 0.825, 0.425, 0.925]
mixed8:bubble_concept15:[0.9, 0.9, 0.225, 1.0, 0.65, 0.425, 0.425, 0.975, 0.45, 0.9, 0.925, 0.875, 0.75, 0.675, 0.9, 0.4, 0.975, 0.3, 0.475, 0.65]
mixed8:bubble_concept7:[0.4, 0.75, 0.725, 0.9, 0.775, 0.675, 0.25, 0.725, 0.5, 0.325, 0.825, 0.675, 0.5, 0.125, 1.0, 0.525, 0.3, 0.825, 0.85, 0.85]
mixed8:bubble_concept12:[1.0, 0.75, 0.625, 0.275, 0.4, 0.1, 0.35, 0.9, 0.45, 0.375, 0.15, 0.8, 0.725, 0.8, 0.85, 0.825, 0.8, 0.575, 0.725, 0.75]
mixed8:bubble_concept6:[0.875, 0.475, 0.875, 0.575, 0.55, 0.275, 0.325, 0.6, 0.55, 0.525, 0.175, 0.375, 0.475, 0.8, 0.625, 0.725, 0.075, 0.475, 0.55, 0.6]
mixed8:bubble_concept3:[0.425, 0.425, 0.575, 0.675, 0.225, 0.625, 0.075, 0.475, 0.7, 0.2, 0.1, 0.7, 0.475, 0.325, 0.625, 0.575, 0.275, 0.35, 0.275, 0.3]
mixed8:bubble_concept2:[0.4, 0.275, 0.35, 0.35, 0.675, 0.35, 0.575, 0.2, 0.275, 0.125, 0.45, 0.3, 0.35, 0.375, 0.7, 0.4, 0.325, 0.575, 0.8, 0.375]
mixed8:bubble_concept1:[0.175, 0.1, 1.0, 0.4, 0.075, 0.825, 0.1, 0.175, 0.475, 0.375, 0.475, 0.4, 0.475, 0.325, 0.175, 0.5, 0.45, 0.4, 0.2, 0.55]
mixed8:bubble_concept4:[0.675, 0.225, 0.2, 0.225, 0.425, 0.15, 0.225, 0.45, 0.1, 0.675, 0.55, 0.525, 0.2, 0.775, 0.6, 0.2, 0.45, 0.1, 0.475, 0.275]
mixed8:bubble_concept16:[0.425, 0.2, 0.5, 0.15, 0.325, 0.2, 0.3, 0.575, 0.1, 0.525, 0.525, 0.4, 0.7, 0.25, 0.2, 0.05, 0.225, 0.35, 0.65, 0.825]
mixed8:bubble_concept14:[0.2, 0.175, 0.175, 0.375, 0.05, 0.25, 0.675, 0.625, 0.175, 0.575, 0.1, 0.175, 0.275, 0.05, 0.225, 0.25, 0.15, 0.125, 0.425, 0.45]
mixed8:bubble_concept13:[0.325, 0.15, 0.025, 0.1, 0.175, 0.025, 0.35, 0.15, 0.225, 0.0, 0.25, 0.225, 0.125, 0.175, 0.175, 0.325, 0.125, 0.1, 0.325, 0.15]
mixed8:bubble_concept17:[0.125, 0.075, 0.05, 0.275, 0.2, 0.175, 0.175, 0.15, 0.075, 0.3, 0.05, 0.4, 0.125, 0.375, 0.25, 0.175, 0.1, 0.075, 0.025, 0.25]
mixed8:bubble_concept19:[0.225, 0.0, 0.1, 0.025, 0.025, 0.05, 0.0, 0.1, 0.025, 0.05, 0.175, 0.275, 0.225, 0.25, 0.125, 0.025, 0.075, 0.075, 0.125, 0.1]
mixed8:bubble_concept9:[0.0, 0.05, 0.025, 0.125, 0.075, 0.175, 0.0, 0.05, 0.05, 0.125, 0.2, 0.4, 0.075, 0.025, 0.05, 0.0, 0.0, 0.1, 0.15, 0.05]
mixed8:bubble_concept11:[0.025, 0.025, 0.025, 0.025, 0.0, 0.325, 0.1, 0.05, 0.0, 0.175, 0.1, 0.025, 0.025, 0.025, 0.025, 0.025, 0.05, 0.025, 0.0, 0.025]
mixed8:bubble_concept8:[0.025, 0.0, 0.0, 0.0, 0.075, 0.075, 0.125, 0.0, 0.025, 0.3, 0.0, 0.0, 0.05, 0.0, 0.0, 0.025, 0.05, 0.0, 0.0, 0.05]
mixed8:bubble_concept10:[0.0, 0.075, 0.075, 0.0, 0.0, 0.1, 0.0, 0.025, 0.0, 0.05, 0.025, 0.05, 0.15, 0.0, 0.15, 0.05, 0.0, 0.025, 0.0, 0.025]
mixed8:bubble_concept18:[0.0, 0.0, 0.0, 0.0, 0.0, 0.0, 0.05, 0.025, 0.0, 0.0, 0.0, 0.025, 0.0, 0.0, 0.0, 0.0, 0.0, 0.0, 0.0, 0.0]