

			 ---CAV accuracies---

mixed8:jeep_concept7:0.9888888888888889±0.02644973492052909
mixed8:jeep_concept16:0.9925925925925926±0.025119740678241746
mixed8:jeep_concept3:0.9888888888888889±0.023715274953455
mixed8:jeep_concept11:0.9666666666666666±0.02844868795506893
mixed8:jeep_concept8:0.9796296296296296±0.029802735073020534
mixed8:jeep_concept6:0.9685185185185186±0.033691491479000475
mixed8:jeep_concept18:0.9722222222222221±0.02838835132732573
mixed8:jeep_concept24:0.9814814814814815±0.02986021388258724
mixed8:jeep_concept21:0.9833333333333332±0.024776089185666032
mixed8:jeep_concept15:0.9814814814814815±0.024845199749997677
mixed8:jeep_concept23:0.9574074074074075±0.05888190035401722
mixed8:jeep_concept10:0.9703703703703704±0.03434673516850262
mixed8:jeep_concept13:0.9814814814814815±0.02746740180405802
mixed8:jeep_concept14:0.9685185185185186±0.0293388509588053
mixed8:jeep_concept22:0.9685185185185183±0.02933885095880531
mixed8:jeep_concept4:0.9962962962962962±0.011111111111111127
mixed8:jeep_concept12:0.9666666666666666±0.03494067085946891
mixed8:jeep_concept5:0.9537037037037036±0.06183632539653334
mixed8:jeep_concept19:0.9888888888888889±0.020621349491963058
mixed8:jeep_concept2:0.9814814814814815±0.02746740180405802
mixed8:jeep_concept9:0.975925925925926±0.02689970193765547
mixed8:jeep_concept17:0.9907407407407408±0.019858898694006696
mixed8:jeep_concept20:0.9666666666666666±0.04520946524345817
mixed8:jeep_concept1:0.95±0.04425112276055008
			 ---Raw CAV accuracies data---

mixed8:jeep_concept7:[1.0, 0.9629629629629629, 1.0, 0.9629629629629629, 1.0, 1.0, 1.0, 1.0, 0.8888888888888888, 1.0, 1.0, 0.9629629629629629, 1.0, 1.0, 1.0, 1.0, 1.0, 1.0, 1.0, 1.0]
mixed8:jeep_concept16:[1.0, 1.0, 1.0, 1.0, 1.0, 1.0, 0.9629629629629629, 1.0, 0.8888888888888888, 1.0, 1.0, 1.0, 1.0, 1.0, 1.0, 1.0, 1.0, 1.0, 1.0, 1.0]
mixed8:jeep_concept3:[1.0, 1.0, 1.0, 1.0, 0.9629629629629629, 0.9629629629629629, 1.0, 1.0, 1.0, 1.0, 1.0, 1.0, 0.9259259259259259, 1.0, 1.0, 1.0, 1.0, 1.0, 0.9259259259259259, 1.0]
mixed8:jeep_concept11:[0.9629629629629629, 1.0, 0.9629629629629629, 1.0, 0.9629629629629629, 0.8888888888888888, 0.9629629629629629, 0.9259259259259259, 0.9629629629629629, 0.9629629629629629, 0.9629629629629629, 0.9629629629629629, 1.0, 1.0, 1.0, 1.0, 0.9629629629629629, 0.9629629629629629, 0.9629629629629629, 0.9259259259259259]
mixed8:jeep_concept8:[1.0, 0.9629629629629629, 1.0, 1.0, 1.0, 0.9259259259259259, 1.0, 0.9629629629629629, 1.0, 1.0, 1.0, 1.0, 1.0, 0.9629629629629629, 0.9629629629629629, 1.0, 0.9629629629629629, 0.8888888888888888, 1.0, 0.9629629629629629]
mixed8:jeep_concept6:[0.9629629629629629, 0.9259259259259259, 1.0, 1.0, 1.0, 1.0, 0.9629629629629629, 1.0, 0.9259259259259259, 1.0, 0.9629629629629629, 1.0, 0.9629629629629629, 0.9629629629629629, 1.0, 0.8888888888888888, 1.0, 0.9629629629629629, 0.9259259259259259, 0.9259259259259259]
mixed8:jeep_concept18:[0.9629629629629629, 0.9629629629629629, 0.9259259259259259, 1.0, 1.0, 0.9629629629629629, 1.0, 0.9629629629629629, 1.0, 1.0, 0.9259259259259259, 1.0, 1.0, 0.9259259259259259, 0.9259259259259259, 0.9629629629629629, 0.9629629629629629, 1.0, 1.0, 0.9629629629629629]
mixed8:jeep_concept24:[1.0, 0.9629629629629629, 0.8888888888888888, 1.0, 1.0, 0.9629629629629629, 0.9259259259259259, 1.0, 1.0, 1.0, 0.9629629629629629, 1.0, 1.0, 1.0, 1.0, 1.0, 0.9629629629629629, 0.9629629629629629, 1.0, 1.0]
mixed8:jeep_concept21:[1.0, 0.9259259259259259, 0.9629629629629629, 1.0, 1.0, 0.9629629629629629, 1.0, 1.0, 1.0, 0.9629629629629629, 1.0, 1.0, 1.0, 1.0, 0.9629629629629629, 0.9259259259259259, 0.9629629629629629, 1.0, 1.0, 1.0]
mixed8:jeep_concept15:[0.9259259259259259, 0.9629629629629629, 1.0, 0.9259259259259259, 1.0, 1.0, 1.0, 0.9629629629629629, 0.9629629629629629, 0.9629629629629629, 1.0, 0.9629629629629629, 1.0, 1.0, 1.0, 1.0, 1.0, 0.9629629629629629, 1.0, 1.0]
mixed8:jeep_concept23:[0.9629629629629629, 1.0, 1.0, 0.9629629629629629, 0.8888888888888888, 1.0, 0.9629629629629629, 0.9259259259259259, 0.9629629629629629, 1.0, 0.9629629629629629, 0.9629629629629629, 1.0, 0.9259259259259259, 1.0, 1.0, 0.7407407407407407, 0.9629629629629629, 1.0, 0.9259259259259259]
mixed8:jeep_concept10:[1.0, 1.0, 1.0, 1.0, 1.0, 0.9629629629629629, 0.9259259259259259, 0.9629629629629629, 0.9629629629629629, 1.0, 1.0, 1.0, 1.0, 1.0, 0.9259259259259259, 0.9629629629629629, 0.8888888888888888, 0.9259259259259259, 0.9629629629629629, 0.9259259259259259]
mixed8:jeep_concept13:[1.0, 1.0, 0.9259259259259259, 1.0, 1.0, 1.0, 1.0, 0.9629629629629629, 0.9629629629629629, 1.0, 0.9629629629629629, 1.0, 0.9629629629629629, 0.9259259259259259, 1.0, 0.9259259259259259, 1.0, 1.0, 1.0, 1.0]
mixed8:jeep_concept14:[0.9259259259259259, 1.0, 0.9629629629629629, 0.9629629629629629, 0.9629629629629629, 0.9259259259259259, 1.0, 0.9259259259259259, 1.0, 0.9259259259259259, 0.9629629629629629, 0.9259259259259259, 1.0, 1.0, 1.0, 0.9629629629629629, 0.9629629629629629, 1.0, 0.9629629629629629, 1.0]
mixed8:jeep_concept22:[0.9629629629629629, 1.0, 1.0, 0.9629629629629629, 0.9259259259259259, 0.9629629629629629, 1.0, 1.0, 1.0, 0.9629629629629629, 1.0, 1.0, 0.9629629629629629, 0.8888888888888888, 0.9629629629629629, 0.9629629629629629, 0.9629629629629629, 0.9629629629629629, 0.9629629629629629, 0.9259259259259259]
mixed8:jeep_concept4:[1.0, 1.0, 0.9629629629629629, 1.0, 1.0, 1.0, 1.0, 0.9629629629629629, 1.0, 1.0, 1.0, 1.0, 1.0, 1.0, 1.0, 1.0, 1.0, 1.0, 1.0, 1.0]
mixed8:jeep_concept12:[1.0, 0.9629629629629629, 0.9629629629629629, 1.0, 0.9259259259259259, 1.0, 0.9629629629629629, 0.9259259259259259, 0.9259259259259259, 1.0, 1.0, 1.0, 1.0, 1.0, 0.9259259259259259, 1.0, 0.9629629629629629, 0.9259259259259259, 0.9629629629629629, 0.8888888888888888]
mixed8:jeep_concept5:[0.9259259259259259, 0.8518518518518519, 1.0, 0.9629629629629629, 1.0, 0.9259259259259259, 0.9259259259259259, 1.0, 0.9629629629629629, 0.9259259259259259, 1.0, 1.0, 1.0, 1.0, 0.7407407407407407, 0.9629629629629629, 0.9629629629629629, 1.0, 0.9629629629629629, 0.9629629629629629]
mixed8:jeep_concept19:[1.0, 1.0, 0.9629629629629629, 1.0, 1.0, 1.0, 1.0, 1.0, 1.0, 1.0, 1.0, 0.9629629629629629, 0.9629629629629629, 0.9629629629629629, 1.0, 1.0, 1.0, 1.0, 0.9259259259259259, 1.0]
mixed8:jeep_concept2:[1.0, 1.0, 1.0, 1.0, 0.9629629629629629, 1.0, 1.0, 1.0, 1.0, 1.0, 1.0, 0.9629629629629629, 1.0, 1.0, 1.0, 0.9259259259259259, 0.9629629629629629, 0.9259259259259259, 0.9629629629629629, 0.9259259259259259]
mixed8:jeep_concept9:[1.0, 0.9259259259259259, 1.0, 0.9259259259259259, 1.0, 0.9629629629629629, 0.9629629629629629, 0.9629629629629629, 1.0, 1.0, 0.9629629629629629, 1.0, 0.9629629629629629, 0.9629629629629629, 1.0, 0.9259259259259259, 1.0, 0.9629629629629629, 1.0, 1.0]
mixed8:jeep_concept17:[1.0, 0.9259259259259259, 1.0, 1.0, 0.9629629629629629, 1.0, 1.0, 1.0, 0.9629629629629629, 1.0, 1.0, 1.0, 1.0, 1.0, 0.9629629629629629, 1.0, 1.0, 1.0, 1.0, 1.0]
mixed8:jeep_concept20:[0.9629629629629629, 1.0, 0.9629629629629629, 1.0, 0.9259259259259259, 0.8888888888888888, 1.0, 0.9629629629629629, 1.0, 0.8518518518518519, 1.0, 0.9629629629629629, 1.0, 0.9259259259259259, 1.0, 1.0, 1.0, 1.0, 1.0, 0.8888888888888888]
mixed8:jeep_concept1:[0.8518518518518519, 0.9259259259259259, 1.0, 1.0, 0.9629629629629629, 0.8888888888888888, 1.0, 0.9629629629629629, 0.9259259259259259, 0.9629629629629629, 0.8888888888888888, 1.0, 1.0, 0.9629629629629629, 1.0, 0.8888888888888888, 0.9259259259259259, 0.9629629629629629, 0.9629629629629629, 0.9259259259259259]

			 ---TCAV scores---

mixed8:jeep_concept7:0.675±0.14620191517213446,3.681315082958022e-08
mixed8:jeep_concept16:0.62±0.1759971590679804,6.846189004827277e-06
mixed8:jeep_concept3:0.6024999999999999±0.21893206708931426,2.029499480664975e-05
mixed8:jeep_concept11:0.5475000000000001±0.12720554233208553,9.805855498227789e-06
mixed8:jeep_concept8:0.5325±0.16883794004903044,0.000189413326605043
mixed8:jeep_concept6:0.51625±0.1777067457920492,0.0006162560008778438
mixed8:jeep_concept18:0.49749999999999994±0.12794041581923987,0.00014118763511755848
mixed8:jeep_concept24:0.49124999999999985±0.19514017397757952,0.00020663628171941267
mixed8:jeep_concept21:0.48375±0.20513334078106368,0.0005715545258483205
mixed8:jeep_concept15:0.47750000000000004±0.16768646337734006,0.0056372646644621245
mixed8:jeep_concept23:0.46624999999999994±0.16775633371053386,0.006869245809163857
mixed8:jeep_concept10:0.43875000000000003±0.15501512023025366,0.0052368561235228515
mixed8:jeep_concept13:0.43±0.13615248804190103,0.005785301503890046
mixed8:jeep_concept14:0.42125±0.1551763110142782,0.011561013359634316
mixed8:jeep_concept22:0.41±0.08888194417315588,0.002958654098601966
mixed8:jeep_concept4:0.38125±0.13506364240608942,0.1216632964301481
mixed8:jeep_concept12:0.37875000000000003±0.12729763352081608,0.08958093885743657
mixed8:jeep_concept5:0.3625±0.12183492931011206,0.0725183929272457
mixed8:jeep_concept19:0.3625±0.12183492931011204,0.11749562818269287
mixed8:jeep_concept2:0.3625±0.10767427733679012,0.17156610290873328
mixed8:jeep_concept9:0.33375±0.13744885412399768,0.335489990211593
mixed8:jeep_concept17:0.28875000000000006±0.1372668477819754,0.8819115205076791
mixed8:jeep_concept20:0.28125000000000006±0.10778305757399909,0.7460958489573613
mixed8:jeep_concept1:0.215±0.10043654713300333,0.08020486771229865
			 ---Raw TCAV scores data---

mixed8:jeep_concept7:[0.675, 0.7, 0.45, 0.9, 0.65, 0.5, 0.55, 0.8, 0.525, 0.875, 0.6, 0.9, 0.925, 0.625, 0.625, 0.45, 0.65, 0.825, 0.625, 0.65]
mixed8:jeep_concept16:[0.675, 0.625, 0.725, 0.75, 0.25, 0.6, 0.8, 0.575, 0.275, 0.65, 0.825, 0.475, 0.6, 1.0, 0.625, 0.675, 0.525, 0.375, 0.625, 0.75]
mixed8:jeep_concept3:[0.8, 0.625, 0.825, 0.9, 0.225, 0.35, 0.5, 0.7, 0.375, 0.775, 0.425, 0.85, 0.4, 0.45, 0.875, 0.875, 0.7, 0.5, 0.225, 0.675]
mixed8:jeep_concept11:[0.75, 0.5, 0.3, 0.625, 0.475, 0.525, 0.575, 0.575, 0.675, 0.65, 0.45, 0.825, 0.6, 0.325, 0.525, 0.5, 0.65, 0.475, 0.4, 0.55]
mixed8:jeep_concept8:[0.65, 0.775, 0.675, 0.65, 0.675, 0.3, 0.225, 0.5, 0.35, 0.725, 0.5, 0.6, 0.475, 0.6, 0.525, 0.8, 0.475, 0.175, 0.525, 0.45]
mixed8:jeep_concept6:[0.425, 0.325, 0.425, 0.825, 0.7, 0.5, 0.35, 0.475, 0.475, 0.725, 0.525, 0.8, 0.45, 0.3, 0.525, 0.45, 0.225, 0.475, 0.45, 0.9]
mixed8:jeep_concept18:[0.55, 0.55, 0.275, 0.5, 0.225, 0.425, 0.65, 0.4, 0.625, 0.725, 0.675, 0.675, 0.475, 0.425, 0.5, 0.525, 0.45, 0.375, 0.425, 0.5]
mixed8:jeep_concept24:[0.375, 0.425, 0.625, 0.775, 0.525, 0.3, 0.9, 0.5, 0.275, 0.475, 0.575, 0.75, 0.275, 0.25, 0.225, 0.8, 0.575, 0.5, 0.325, 0.375]
mixed8:jeep_concept21:[0.7, 0.375, 0.275, 0.725, 0.275, 0.225, 0.425, 0.7, 0.9, 0.675, 0.3, 0.8, 0.35, 0.275, 0.225, 0.45, 0.425, 0.65, 0.55, 0.375]
mixed8:jeep_concept15:[0.3, 0.375, 0.375, 0.325, 0.85, 0.375, 0.3, 0.525, 0.675, 0.675, 0.6, 0.475, 0.475, 0.625, 0.4, 0.725, 0.225, 0.45, 0.55, 0.25]
mixed8:jeep_concept23:[0.575, 0.275, 0.225, 0.475, 0.5, 0.475, 0.2, 0.325, 0.55, 0.9, 0.575, 0.675, 0.4, 0.275, 0.65, 0.35, 0.425, 0.525, 0.575, 0.375]
mixed8:jeep_concept10:[0.275, 0.45, 0.2, 0.55, 0.45, 0.3, 0.525, 0.425, 0.3, 0.775, 0.425, 0.725, 0.35, 0.475, 0.35, 0.4, 0.625, 0.625, 0.3, 0.25]
mixed8:jeep_concept13:[0.575, 0.55, 0.35, 0.55, 0.525, 0.325, 0.325, 0.4, 0.425, 0.425, 0.35, 0.75, 0.625, 0.275, 0.5, 0.175, 0.35, 0.5, 0.35, 0.275]
mixed8:jeep_concept14:[0.675, 0.45, 0.225, 0.35, 0.3, 0.275, 0.35, 0.525, 0.15, 0.525, 0.4, 0.7, 0.5, 0.2, 0.375, 0.725, 0.4, 0.5, 0.375, 0.425]
mixed8:jeep_concept22:[0.45, 0.3, 0.325, 0.6, 0.375, 0.475, 0.375, 0.525, 0.275, 0.325, 0.425, 0.35, 0.375, 0.4, 0.425, 0.425, 0.35, 0.625, 0.4, 0.4]
mixed8:jeep_concept4:[0.325, 0.275, 0.275, 0.3, 0.575, 0.375, 0.325, 0.3, 0.225, 0.475, 0.225, 0.375, 0.6, 0.2, 0.65, 0.4, 0.35, 0.65, 0.375, 0.35]
mixed8:jeep_concept12:[0.425, 0.375, 0.375, 0.225, 0.45, 0.325, 0.4, 0.525, 0.425, 0.475, 0.3, 0.35, 0.475, 0.3, 0.575, 0.65, 0.275, 0.325, 0.25, 0.075]
mixed8:jeep_concept5:[0.5, 0.375, 0.2, 0.55, 0.45, 0.3, 0.45, 0.4, 0.225, 0.55, 0.35, 0.575, 0.4, 0.325, 0.425, 0.225, 0.175, 0.25, 0.3, 0.225]
mixed8:jeep_concept19:[0.35, 0.25, 0.4, 0.65, 0.175, 0.225, 0.25, 0.275, 0.625, 0.4, 0.325, 0.325, 0.35, 0.275, 0.325, 0.5, 0.4, 0.5, 0.3, 0.35]
mixed8:jeep_concept2:[0.475, 0.475, 0.375, 0.25, 0.4, 0.425, 0.25, 0.375, 0.4, 0.575, 0.4, 0.275, 0.225, 0.2, 0.35, 0.4, 0.225, 0.275, 0.325, 0.575]
mixed8:jeep_concept9:[0.275, 0.475, 0.2, 0.725, 0.3, 0.375, 0.275, 0.375, 0.25, 0.35, 0.15, 0.325, 0.6, 0.4, 0.2, 0.325, 0.25, 0.2, 0.225, 0.4]
mixed8:jeep_concept17:[0.275, 0.125, 0.25, 0.65, 0.225, 0.225, 0.25, 0.35, 0.325, 0.6, 0.25, 0.25, 0.3, 0.225, 0.5, 0.275, 0.2, 0.15, 0.15, 0.2]
mixed8:jeep_concept20:[0.3, 0.3, 0.2, 0.35, 0.325, 0.175, 0.1, 0.325, 0.35, 0.3, 0.55, 0.375, 0.2, 0.25, 0.4, 0.275, 0.075, 0.15, 0.35, 0.275]
mixed8:jeep_concept1:[0.175, 0.125, 0.175, 0.2, 0.2, 0.175, 0.3, 0.225, 0.1, 0.35, 0.175, 0.525, 0.25, 0.125, 0.15, 0.2, 0.05, 0.275, 0.225, 0.3]