

			 ---CAV accuracies---

mixed8:volleyball_concept5:0.9944444444444445±0.013224867460264555
mixed8:volleyball_concept3:0.9777777777777776±0.02962962962962964
mixed8:volleyball_concept16:0.9833333333333332±0.024776089185666032
mixed8:volleyball_concept11:0.951851851851852±0.045511873064609285
mixed8:volleyball_concept6:0.9722222222222223±0.03680482761917
mixed8:volleyball_concept7:0.987037037037037±0.02119541322640668
mixed8:volleyball_concept2:0.9925925925925924±0.014814814814814836
mixed8:volleyball_concept12:0.9592592592592591±0.045209465243458154
mixed8:volleyball_concept13:0.9703703703703702±0.05689737591013784
mixed8:volleyball_concept4:0.9888888888888887±0.020621349491963054
mixed8:volleyball_concept9:0.951851851851852±0.0455118730646093
mixed8:volleyball_concept15:0.9777777777777779±0.03394500514782105
mixed8:volleyball_concept17:0.9703703703703704±0.03228814032252352
mixed8:volleyball_concept14:0.9907407407407407±0.019858898694006692
mixed8:volleyball_concept10:0.9833333333333334±0.027404904790645824
mixed8:volleyball_concept18:0.9555555555555555±0.04157397096415492
mixed8:volleyball_concept1:0.9740740740740742±0.03722176155970701
mixed8:volleyball_concept8:0.9648148148148147±0.04456003487228136
			 ---Raw CAV accuracies data---

mixed8:volleyball_concept5:[1.0, 0.9629629629629629, 1.0, 1.0, 1.0, 1.0, 1.0, 0.9629629629629629, 1.0, 1.0, 1.0, 1.0, 1.0, 1.0, 1.0, 0.9629629629629629, 1.0, 1.0, 1.0, 1.0]
mixed8:volleyball_concept3:[1.0, 0.9629629629629629, 1.0, 1.0, 1.0, 0.9629629629629629, 0.9629629629629629, 1.0, 1.0, 0.9629629629629629, 0.8888888888888888, 0.9629629629629629, 1.0, 0.9629629629629629, 0.9259259259259259, 0.9629629629629629, 1.0, 1.0, 1.0, 1.0]
mixed8:volleyball_concept16:[0.9259259259259259, 0.9629629629629629, 1.0, 1.0, 1.0, 0.9629629629629629, 1.0, 0.9259259259259259, 1.0, 1.0, 1.0, 1.0, 0.9629629629629629, 1.0, 0.9629629629629629, 1.0, 1.0, 1.0, 1.0, 0.9629629629629629]
mixed8:volleyball_concept11:[1.0, 0.8888888888888888, 0.9629629629629629, 0.9629629629629629, 0.8518518518518519, 0.9259259259259259, 1.0, 0.9629629629629629, 1.0, 1.0, 0.8888888888888888, 1.0, 0.9259259259259259, 0.9629629629629629, 0.9629629629629629, 0.8888888888888888, 1.0, 0.9259259259259259, 1.0, 0.9259259259259259]
mixed8:volleyball_concept6:[1.0, 0.9259259259259259, 0.9629629629629629, 0.9629629629629629, 0.9629629629629629, 1.0, 1.0, 1.0, 1.0, 1.0, 0.8888888888888888, 1.0, 0.9629629629629629, 1.0, 0.8888888888888888, 1.0, 1.0, 0.9259259259259259, 1.0, 0.9629629629629629]
mixed8:volleyball_concept7:[1.0, 0.9629629629629629, 1.0, 0.9629629629629629, 1.0, 1.0, 1.0, 0.9629629629629629, 0.9629629629629629, 1.0, 0.9629629629629629, 0.9259259259259259, 1.0, 1.0, 1.0, 1.0, 1.0, 1.0, 1.0, 1.0]
mixed8:volleyball_concept2:[0.9629629629629629, 1.0, 1.0, 1.0, 1.0, 1.0, 1.0, 0.9629629629629629, 1.0, 1.0, 1.0, 1.0, 1.0, 1.0, 1.0, 1.0, 1.0, 0.9629629629629629, 1.0, 0.9629629629629629]
mixed8:volleyball_concept12:[1.0, 0.9259259259259259, 0.9629629629629629, 0.9629629629629629, 1.0, 0.9259259259259259, 1.0, 0.9259259259259259, 1.0, 1.0, 0.9629629629629629, 0.8518518518518519, 0.9259259259259259, 1.0, 0.8518518518518519, 0.9629629629629629, 0.9629629629629629, 1.0, 0.9629629629629629, 1.0]
mixed8:volleyball_concept13:[1.0, 1.0, 1.0, 1.0, 1.0, 1.0, 1.0, 1.0, 0.7777777777777778, 1.0, 0.9629629629629629, 0.9259259259259259, 1.0, 0.9629629629629629, 1.0, 0.9629629629629629, 1.0, 0.8518518518518519, 1.0, 0.9629629629629629]
mixed8:volleyball_concept4:[1.0, 0.9629629629629629, 1.0, 0.9259259259259259, 1.0, 1.0, 1.0, 1.0, 1.0, 1.0, 0.9629629629629629, 1.0, 1.0, 1.0, 0.9629629629629629, 1.0, 1.0, 0.9629629629629629, 1.0, 1.0]
mixed8:volleyball_concept9:[0.9259259259259259, 0.8888888888888888, 0.9629629629629629, 0.8888888888888888, 0.9259259259259259, 0.9629629629629629, 1.0, 0.9259259259259259, 1.0, 1.0, 1.0, 0.8888888888888888, 1.0, 1.0, 0.9259259259259259, 0.8888888888888888, 0.9629629629629629, 0.8888888888888888, 1.0, 1.0]
mixed8:volleyball_concept15:[1.0, 1.0, 1.0, 0.9259259259259259, 1.0, 0.9629629629629629, 1.0, 1.0, 1.0, 1.0, 0.9629629629629629, 0.9629629629629629, 1.0, 0.8888888888888888, 1.0, 0.9259259259259259, 0.9259259259259259, 1.0, 1.0, 1.0]
mixed8:volleyball_concept17:[1.0, 0.9629629629629629, 0.9629629629629629, 0.9629629629629629, 0.9259259259259259, 0.9629629629629629, 1.0, 0.8888888888888888, 0.9259259259259259, 1.0, 1.0, 1.0, 0.9629629629629629, 1.0, 1.0, 0.9629629629629629, 1.0, 0.9629629629629629, 0.9259259259259259, 1.0]
mixed8:volleyball_concept14:[1.0, 0.9629629629629629, 0.9259259259259259, 1.0, 0.9629629629629629, 1.0, 1.0, 1.0, 1.0, 1.0, 1.0, 1.0, 1.0, 1.0, 1.0, 1.0, 1.0, 0.9629629629629629, 1.0, 1.0]
mixed8:volleyball_concept10:[1.0, 1.0, 1.0, 1.0, 0.9259259259259259, 1.0, 1.0, 1.0, 1.0, 1.0, 0.9259259259259259, 1.0, 1.0, 0.9629629629629629, 0.9629629629629629, 1.0, 0.9629629629629629, 0.9259259259259259, 1.0, 1.0]
mixed8:volleyball_concept18:[1.0, 0.9259259259259259, 0.8888888888888888, 0.8888888888888888, 0.9259259259259259, 1.0, 1.0, 0.9259259259259259, 1.0, 1.0, 1.0, 0.9259259259259259, 1.0, 1.0, 0.9259259259259259, 0.8888888888888888, 0.9629629629629629, 0.9259259259259259, 0.9629629629629629, 0.9629629629629629]
mixed8:volleyball_concept1:[1.0, 1.0, 0.8518518518518519, 1.0, 0.9629629629629629, 1.0, 1.0, 1.0, 0.9629629629629629, 0.9629629629629629, 1.0, 1.0, 0.9629629629629629, 1.0, 1.0, 0.9629629629629629, 0.9629629629629629, 0.9259259259259259, 0.9259259259259259, 1.0]
mixed8:volleyball_concept8:[1.0, 0.9259259259259259, 1.0, 1.0, 0.9629629629629629, 1.0, 0.9629629629629629, 0.8888888888888888, 0.9629629629629629, 1.0, 1.0, 1.0, 0.8518518518518519, 1.0, 0.9259259259259259, 0.9629629629629629, 1.0, 0.8888888888888888, 0.9629629629629629, 1.0]

			 ---TCAV scores---

mixed8:volleyball_concept5:0.33875±0.1135988006098656,0.15291366871971368
mixed8:volleyball_concept3:0.3112499999999999±0.1171203974549267,0.001227332936410695
mixed8:volleyball_concept16:0.2525±0.11480962503205035,4.777128186267435e-05
mixed8:volleyball_concept11:0.22624999999999998±0.10322154571599866,6.159676168840011e-06
mixed8:volleyball_concept6:0.22500000000000003±0.0770551750371122,3.6347879092921073e-06
mixed8:volleyball_concept7:0.21625±0.11545426583717035,9.197656131586933e-05
mixed8:volleyball_concept2:0.21375000000000002±0.11359880060986559,1.9132748687713428e-05
mixed8:volleyball_concept12:0.18875000000000003±0.084954031687731,5.640001173838486e-06
mixed8:volleyball_concept13:0.18000000000000005±0.11308182877898643,3.122688052067592e-06
mixed8:volleyball_concept4:0.15500000000000003±0.09340770846134702,5.161051763967182e-07
mixed8:volleyball_concept9:0.13125±0.05470089121760266,2.1788108251013083e-08
mixed8:volleyball_concept15:0.12249999999999998±0.05584576975922168,1.5800658782030154e-08
mixed8:volleyball_concept17:0.12±0.057336724705898574,2.2859145502639763e-08
mixed8:volleyball_concept14:0.11125±0.06683702192647425,6.385578520844639e-08
mixed8:volleyball_concept10:0.0975±0.0511737237261468,2.4704431008981162e-08
mixed8:volleyball_concept18:0.07875000000000001±0.038140365755980885,9.122981487319519e-09
mixed8:volleyball_concept1:0.07625000000000001±0.040677850238182454,7.895221827210968e-09
mixed8:volleyball_concept8:0.05874999999999998±0.06580036094125928,1.1075240205244587e-08
			 ---Raw TCAV scores data---

mixed8:volleyball_concept5:[0.5, 0.375, 0.35, 0.45, 0.45, 0.225, 0.4, 0.325, 0.425, 0.1, 0.275, 0.125, 0.2, 0.55, 0.275, 0.35, 0.4, 0.375, 0.325, 0.3]
mixed8:volleyball_concept3:[0.225, 0.4, 0.225, 0.05, 0.325, 0.4, 0.275, 0.45, 0.3, 0.575, 0.325, 0.425, 0.25, 0.3, 0.325, 0.225, 0.1, 0.275, 0.35, 0.425]
mixed8:volleyball_concept16:[0.25, 0.05, 0.2, 0.225, 0.175, 0.35, 0.05, 0.35, 0.225, 0.175, 0.15, 0.375, 0.45, 0.2, 0.35, 0.25, 0.175, 0.2, 0.4, 0.45]
mixed8:volleyball_concept11:[0.3, 0.25, 0.075, 0.15, 0.2, 0.2, 0.075, 0.5, 0.275, 0.25, 0.3, 0.35, 0.075, 0.15, 0.2, 0.2, 0.125, 0.3, 0.325, 0.225]
mixed8:volleyball_concept6:[0.225, 0.25, 0.275, 0.4, 0.275, 0.3, 0.125, 0.325, 0.175, 0.3, 0.225, 0.2, 0.15, 0.15, 0.1, 0.125, 0.2, 0.15, 0.275, 0.275]
mixed8:volleyball_concept7:[0.075, 0.125, 0.225, 0.125, 0.35, 0.275, 0.175, 0.275, 0.2, 0.2, 0.325, 0.3, 0.55, 0.15, 0.25, 0.025, 0.1, 0.175, 0.125, 0.3]
mixed8:volleyball_concept2:[0.175, 0.3, 0.35, 0.075, 0.225, 0.175, 0.125, 0.325, 0.2, 0.075, 0.1, 0.425, 0.15, 0.075, 0.35, 0.1, 0.075, 0.325, 0.35, 0.3]
mixed8:volleyball_concept12:[0.05, 0.125, 0.15, 0.125, 0.275, 0.3, 0.15, 0.3, 0.2, 0.275, 0.225, 0.325, 0.1, 0.15, 0.125, 0.175, 0.325, 0.225, 0.075, 0.1]
mixed8:volleyball_concept13:[0.275, 0.125, 0.05, 0.125, 0.175, 0.1, 0.05, 0.2, 0.275, 0.2, 0.075, 0.55, 0.2, 0.125, 0.3, 0.075, 0.2, 0.2, 0.075, 0.225]
mixed8:volleyball_concept4:[0.15, 0.075, 0.15, 0.025, 0.25, 0.2, 0.075, 0.25, 0.15, 0.125, 0.05, 0.15, 0.425, 0.075, 0.05, 0.25, 0.15, 0.075, 0.225, 0.2]
mixed8:volleyball_concept9:[0.175, 0.15, 0.175, 0.075, 0.175, 0.05, 0.05, 0.15, 0.2, 0.15, 0.2, 0.225, 0.1, 0.125, 0.075, 0.1, 0.05, 0.1, 0.2, 0.1]
mixed8:volleyball_concept15:[0.15, 0.15, 0.05, 0.175, 0.025, 0.05, 0.05, 0.15, 0.2, 0.175, 0.175, 0.15, 0.1, 0.15, 0.075, 0.1, 0.125, 0.05, 0.225, 0.125]
mixed8:volleyball_concept17:[0.125, 0.025, 0.125, 0.175, 0.05, 0.075, 0.075, 0.15, 0.125, 0.225, 0.25, 0.1, 0.075, 0.025, 0.125, 0.175, 0.125, 0.125, 0.1, 0.15]
mixed8:volleyball_concept14:[0.05, 0.075, 0.275, 0.075, 0.15, 0.025, 0.1, 0.2, 0.2, 0.1, 0.125, 0.1, 0.15, 0.175, 0.175, 0.025, 0.025, 0.05, 0.075, 0.075]
mixed8:volleyball_concept10:[0.175, 0.05, 0.1, 0.05, 0.05, 0.05, 0.05, 0.15, 0.15, 0.1, 0.2, 0.15, 0.075, 0.1, 0.025, 0.05, 0.175, 0.05, 0.1, 0.1]
mixed8:volleyball_concept18:[0.05, 0.075, 0.1, 0.1, 0.075, 0.1, 0.05, 0.15, 0.025, 0.1, 0.075, 0.025, 0.175, 0.05, 0.1, 0.025, 0.05, 0.1, 0.075, 0.075]
mixed8:volleyball_concept1:[0.1, 0.1, 0.075, 0.075, 0.1, 0.075, 0.025, 0.075, 0.05, 0.025, 0.075, 0.125, 0.15, 0.0, 0.15, 0.025, 0.075, 0.05, 0.05, 0.125]
mixed8:volleyball_concept8:[0.175, 0.05, 0.075, 0.0, 0.0, 0.075, 0.025, 0.075, 0.275, 0.075, 0.125, 0.0, 0.025, 0.05, 0.025, 0.0, 0.025, 0.05, 0.025, 0.025]