

			 ---CAV accuracies---

mixed8:balloon_concept17:0.9981481481481481±0.00807203508063089
mixed8:balloon_concept3:0.9851851851851852±0.02721655269759089
mixed8:balloon_concept2:0.9907407407407407±0.01603750747748963
mixed8:balloon_concept10:0.9907407407407407±0.01603750747748963
mixed8:balloon_concept18:0.9925925925925926±0.014814814814814833
mixed8:balloon_concept8:0.9740740740740741±0.028926850651506127
mixed8:balloon_concept4:0.9703703703703704±0.04157397096415492
mixed8:balloon_concept12:0.9851851851851852±0.02456759103966964
mixed8:balloon_concept11:0.9833333333333334±0.024776089185666032
mixed8:balloon_concept13:0.987037037037037±0.026899701937655486
mixed8:balloon_concept14:0.9833333333333332±0.02183301133805853
mixed8:balloon_concept9:0.9851851851851852±0.041242698983926095
mixed8:balloon_concept1:0.9648148148148147±0.04456003487228136
mixed8:balloon_concept6:0.9962962962962962±0.011111111111111127
mixed8:balloon_concept16:0.9592592592592591±0.05224717029505884
mixed8:balloon_concept19:0.9592592592592591±0.0420659877466687
mixed8:balloon_concept7:0.9814814814814815±0.024845199749997677
mixed8:balloon_concept5:0.9611111111111109±0.03605170802579961
mixed8:balloon_concept15:0.9703703703703702±0.022222222222222233
			 ---Raw CAV accuracies data---

mixed8:balloon_concept17:[1.0, 0.9629629629629629, 1.0, 1.0, 1.0, 1.0, 1.0, 1.0, 1.0, 1.0, 1.0, 1.0, 1.0, 1.0, 1.0, 1.0, 1.0, 1.0, 1.0, 1.0]
mixed8:balloon_concept3:[0.9629629629629629, 0.9629629629629629, 1.0, 1.0, 1.0, 1.0, 1.0, 0.9629629629629629, 0.9629629629629629, 1.0, 1.0, 0.8888888888888888, 1.0, 1.0, 1.0, 1.0, 1.0, 0.9629629629629629, 1.0, 1.0]
mixed8:balloon_concept2:[1.0, 1.0, 0.9629629629629629, 1.0, 0.9629629629629629, 1.0, 1.0, 0.9629629629629629, 1.0, 1.0, 0.9629629629629629, 1.0, 1.0, 1.0, 1.0, 1.0, 1.0, 1.0, 0.9629629629629629, 1.0]
mixed8:balloon_concept10:[0.9629629629629629, 1.0, 1.0, 1.0, 0.9629629629629629, 1.0, 1.0, 1.0, 1.0, 1.0, 0.9629629629629629, 1.0, 1.0, 1.0, 1.0, 0.9629629629629629, 1.0, 0.9629629629629629, 1.0, 1.0]
mixed8:balloon_concept18:[1.0, 1.0, 1.0, 1.0, 0.9629629629629629, 1.0, 1.0, 1.0, 0.9629629629629629, 0.9629629629629629, 1.0, 1.0, 0.9629629629629629, 1.0, 1.0, 1.0, 1.0, 1.0, 1.0, 1.0]
mixed8:balloon_concept8:[0.9629629629629629, 0.9259259259259259, 1.0, 1.0, 1.0, 1.0, 0.9259259259259259, 1.0, 0.9629629629629629, 1.0, 1.0, 0.9259259259259259, 0.9629629629629629, 0.9629629629629629, 1.0, 1.0, 0.9259259259259259, 1.0, 0.9629629629629629, 0.9629629629629629]
mixed8:balloon_concept4:[1.0, 0.9629629629629629, 1.0, 1.0, 1.0, 0.9629629629629629, 0.9259259259259259, 1.0, 1.0, 1.0, 1.0, 0.9629629629629629, 0.9629629629629629, 0.8888888888888888, 0.9259259259259259, 0.9629629629629629, 1.0, 0.8518518518518519, 1.0, 1.0]
mixed8:balloon_concept12:[1.0, 0.9629629629629629, 1.0, 1.0, 1.0, 1.0, 0.9259259259259259, 0.9629629629629629, 1.0, 1.0, 1.0, 1.0, 1.0, 0.9629629629629629, 1.0, 1.0, 1.0, 0.9629629629629629, 1.0, 0.9259259259259259]
mixed8:balloon_concept11:[1.0, 1.0, 1.0, 0.9259259259259259, 1.0, 0.9629629629629629, 1.0, 0.9259259259259259, 1.0, 0.9629629629629629, 1.0, 1.0, 1.0, 1.0, 0.9629629629629629, 0.9629629629629629, 0.9629629629629629, 1.0, 1.0, 1.0]
mixed8:balloon_concept13:[1.0, 0.8888888888888888, 1.0, 1.0, 1.0, 1.0, 1.0, 0.9629629629629629, 0.9629629629629629, 1.0, 1.0, 1.0, 0.9629629629629629, 1.0, 1.0, 1.0, 1.0, 1.0, 1.0, 0.9629629629629629]
mixed8:balloon_concept14:[0.9259259259259259, 0.9629629629629629, 1.0, 1.0, 1.0, 1.0, 1.0, 1.0, 1.0, 1.0, 1.0, 1.0, 0.9629629629629629, 1.0, 0.9629629629629629, 0.9629629629629629, 0.9629629629629629, 1.0, 0.9629629629629629, 0.9629629629629629]
mixed8:balloon_concept9:[0.9629629629629629, 1.0, 1.0, 1.0, 0.9629629629629629, 1.0, 1.0, 1.0, 1.0, 1.0, 1.0, 1.0, 1.0, 1.0, 1.0, 0.8148148148148148, 1.0, 0.9629629629629629, 1.0, 1.0]
mixed8:balloon_concept1:[0.9629629629629629, 1.0, 0.9259259259259259, 1.0, 0.9629629629629629, 1.0, 1.0, 1.0, 0.9259259259259259, 1.0, 0.9629629629629629, 0.9629629629629629, 1.0, 0.8518518518518519, 1.0, 0.8888888888888888, 0.8888888888888888, 1.0, 0.9629629629629629, 1.0]
mixed8:balloon_concept6:[1.0, 1.0, 1.0, 1.0, 1.0, 1.0, 1.0, 1.0, 0.9629629629629629, 1.0, 0.9629629629629629, 1.0, 1.0, 1.0, 1.0, 1.0, 1.0, 1.0, 1.0, 1.0]
mixed8:balloon_concept16:[1.0, 1.0, 0.9629629629629629, 1.0, 0.9259259259259259, 0.9629629629629629, 0.9629629629629629, 0.8518518518518519, 1.0, 1.0, 0.8148148148148148, 1.0, 1.0, 0.8888888888888888, 0.9259259259259259, 0.9629629629629629, 0.9629629629629629, 0.9629629629629629, 1.0, 1.0]
mixed8:balloon_concept19:[1.0, 0.9629629629629629, 0.9259259259259259, 0.9629629629629629, 0.9259259259259259, 0.9259259259259259, 0.9629629629629629, 0.9259259259259259, 1.0, 0.9629629629629629, 0.9629629629629629, 0.9629629629629629, 0.9629629629629629, 0.8148148148148148, 1.0, 1.0, 0.9629629629629629, 0.9629629629629629, 1.0, 1.0]
mixed8:balloon_concept7:[1.0, 0.9629629629629629, 1.0, 1.0, 1.0, 0.9629629629629629, 1.0, 1.0, 1.0, 1.0, 0.9629629629629629, 1.0, 0.9629629629629629, 0.9259259259259259, 0.9629629629629629, 1.0, 1.0, 0.9259259259259259, 1.0, 0.9629629629629629]
mixed8:balloon_concept5:[0.9629629629629629, 1.0, 0.9629629629629629, 0.9629629629629629, 0.9259259259259259, 0.9629629629629629, 1.0, 0.9629629629629629, 0.8888888888888888, 1.0, 1.0, 1.0, 0.9259259259259259, 0.9259259259259259, 1.0, 0.8888888888888888, 1.0, 0.9259259259259259, 0.9629629629629629, 0.9629629629629629]
mixed8:balloon_concept15:[1.0, 0.9629629629629629, 1.0, 0.9629629629629629, 0.9629629629629629, 0.9629629629629629, 0.9259259259259259, 0.9629629629629629, 1.0, 1.0, 0.9259259259259259, 0.9629629629629629, 0.9629629629629629, 0.9629629629629629, 0.9629629629629629, 0.9629629629629629, 0.9629629629629629, 1.0, 0.9629629629629629, 1.0]

			 ---TCAV scores---

mixed8:balloon_concept17:0.54125±0.18204995880252212,0.2769124970604876
mixed8:balloon_concept3:0.5175±0.15229494410518032,0.34930003881371163
mixed8:balloon_concept2:0.45125000000000004±0.10910860415200993,0.8022902604507095
mixed8:balloon_concept10:0.445±0.16405029716522918,0.7026539235148259
mixed8:balloon_concept18:0.36875±0.17136857208951706,0.023242633152962076
mixed8:balloon_concept8:0.36375±0.10853426878179998,0.05930791196221975
mixed8:balloon_concept4:0.34249999999999997±0.1389919062391764,0.04571744055825872
mixed8:balloon_concept12:0.34249999999999997±0.09290452088031025,0.02181863565278143
mixed8:balloon_concept11:0.31375000000000003±0.12234045733117072,0.010477643079088645
mixed8:balloon_concept13:0.29375000000000007±0.09282880748991662,0.0026445855036272407
mixed8:balloon_concept14:0.255±0.057879184513951125,0.0006915035001138684
mixed8:balloon_concept9:0.2225±0.07327175444876423,0.0002690583572605154
mixed8:balloon_concept1:0.21500000000000002±0.08038967595406764,0.0001567720980613695
mixed8:balloon_concept6:0.215±0.12000000000000001,7.43731385933978e-05
mixed8:balloon_concept16:0.18750000000000003±0.06299801584177077,3.9868927350755274e-05
mixed8:balloon_concept19:0.16999999999999998±0.058416607227739614,1.0890382958326689e-05
mixed8:balloon_concept7:0.1625±0.06398241946034863,1.8684105180882344e-05
mixed8:balloon_concept5:0.1275±0.0575,1.7071544633472293e-06
mixed8:balloon_concept15:0.11750000000000001±0.04616546328154847,1.668938381027273e-06
			 ---Raw TCAV scores data---

mixed8:balloon_concept17:[0.475, 0.4, 0.525, 0.725, 0.3, 0.675, 0.3, 1.0, 0.575, 0.45, 0.4, 0.8, 0.525, 0.475, 0.425, 0.575, 0.725, 0.4, 0.75, 0.325]
mixed8:balloon_concept3:[0.375, 0.6, 0.4, 0.675, 0.875, 0.525, 0.575, 0.775, 0.525, 0.5, 0.55, 0.5, 0.225, 0.325, 0.3, 0.425, 0.575, 0.55, 0.45, 0.625]
mixed8:balloon_concept2:[0.6, 0.35, 0.575, 0.6, 0.275, 0.525, 0.475, 0.3, 0.4, 0.45, 0.425, 0.5, 0.25, 0.675, 0.375, 0.4, 0.425, 0.45, 0.5, 0.475]
mixed8:balloon_concept10:[0.575, 0.15, 0.45, 0.625, 0.5, 0.35, 0.6, 0.25, 0.5, 0.525, 0.8, 0.6, 0.25, 0.475, 0.6, 0.3, 0.5, 0.325, 0.25, 0.275]
mixed8:balloon_concept18:[0.65, 0.8, 0.35, 0.375, 0.3, 0.4, 0.425, 0.275, 0.2, 0.225, 0.7, 0.3, 0.25, 0.25, 0.15, 0.275, 0.425, 0.525, 0.25, 0.25]
mixed8:balloon_concept8:[0.4, 0.325, 0.35, 0.375, 0.25, 0.25, 0.45, 0.15, 0.625, 0.275, 0.45, 0.525, 0.475, 0.45, 0.25, 0.375, 0.325, 0.375, 0.275, 0.325]
mixed8:balloon_concept4:[0.375, 0.275, 0.525, 0.3, 0.25, 0.225, 0.175, 0.45, 0.6, 0.175, 0.325, 0.55, 0.45, 0.25, 0.2, 0.15, 0.35, 0.3, 0.6, 0.325]
mixed8:balloon_concept12:[0.35, 0.375, 0.3, 0.375, 0.45, 0.35, 0.325, 0.35, 0.25, 0.25, 0.45, 0.55, 0.525, 0.275, 0.3, 0.15, 0.275, 0.35, 0.3, 0.3]
mixed8:balloon_concept11:[0.4, 0.3, 0.3, 0.25, 0.275, 0.4, 0.325, 0.325, 0.225, 0.15, 0.2, 0.5, 0.175, 0.225, 0.175, 0.3, 0.45, 0.325, 0.675, 0.3]
mixed8:balloon_concept13:[0.225, 0.35, 0.125, 0.275, 0.425, 0.175, 0.225, 0.275, 0.325, 0.45, 0.375, 0.45, 0.375, 0.35, 0.175, 0.2, 0.325, 0.3, 0.275, 0.2]
mixed8:balloon_concept14:[0.35, 0.3, 0.225, 0.2, 0.325, 0.25, 0.275, 0.15, 0.2, 0.25, 0.2, 0.375, 0.2, 0.25, 0.25, 0.275, 0.175, 0.25, 0.325, 0.275]
mixed8:balloon_concept9:[0.225, 0.15, 0.225, 0.125, 0.2, 0.225, 0.175, 0.4, 0.225, 0.4, 0.225, 0.275, 0.125, 0.2, 0.175, 0.225, 0.15, 0.3, 0.225, 0.2]
mixed8:balloon_concept1:[0.225, 0.275, 0.325, 0.3, 0.325, 0.225, 0.175, 0.15, 0.2, 0.15, 0.1, 0.325, 0.225, 0.1, 0.125, 0.3, 0.325, 0.15, 0.2, 0.1]
mixed8:balloon_concept6:[0.325, 0.2, 0.2, 0.275, 0.525, 0.1, 0.325, 0.225, 0.3, 0.325, 0.125, 0.2, 0.175, 0.175, 0.05, 0.075, 0.375, 0.075, 0.05, 0.2]
mixed8:balloon_concept16:[0.275, 0.275, 0.025, 0.175, 0.125, 0.225, 0.175, 0.1, 0.225, 0.15, 0.15, 0.2, 0.125, 0.225, 0.25, 0.15, 0.2, 0.2, 0.275, 0.225]
mixed8:balloon_concept19:[0.125, 0.175, 0.1, 0.125, 0.15, 0.1, 0.25, 0.2, 0.325, 0.175, 0.25, 0.25, 0.175, 0.175, 0.175, 0.125, 0.15, 0.15, 0.125, 0.1]
mixed8:balloon_concept7:[0.275, 0.175, 0.1, 0.1, 0.125, 0.25, 0.125, 0.2, 0.25, 0.175, 0.15, 0.2, 0.05, 0.1, 0.2, 0.1, 0.125, 0.1, 0.275, 0.175]
mixed8:balloon_concept5:[0.175, 0.125, 0.1, 0.15, 0.05, 0.075, 0.2, 0.2, 0.125, 0.075, 0.1, 0.275, 0.15, 0.175, 0.075, 0.15, 0.05, 0.125, 0.05, 0.125]
mixed8:balloon_concept15:[0.15, 0.1, 0.125, 0.15, 0.225, 0.125, 0.15, 0.1, 0.025, 0.1, 0.125, 0.15, 0.025, 0.075, 0.15, 0.125, 0.125, 0.125, 0.05, 0.15]