

			 ---CAV accuracies---

mixed8:lipstick_concept8:0.9962962962962962±0.011111111111111127
mixed8:lipstick_concept13:0.9907407407407407±0.019858898694006692
mixed8:lipstick_concept4:0.9888888888888887±0.020621349491963054
mixed8:lipstick_concept20:0.9944444444444445±0.013224867460264555
mixed8:lipstick_concept7:0.9925925925925926±0.014814814814814833
mixed8:lipstick_concept19:0.9962962962962962±0.011111111111111127
mixed8:lipstick_concept3:0.9907407407407407±0.019858898694006692
mixed8:lipstick_concept2:0.9648148148148147±0.056746494244609494
mixed8:lipstick_concept14:0.9685185185185186±0.06227841378074163
mixed8:lipstick_concept1:0.9703703703703704±0.03434673516850262
mixed8:lipstick_concept12:0.9777777777777779±0.039544734266782636
mixed8:lipstick_concept18:0.9833333333333332±0.029802735073020534
mixed8:lipstick_concept6:0.9685185185185183±0.039327334410361674
mixed8:lipstick_concept16:0.9629629629629628±0.04222871944811623
mixed8:lipstick_concept10:0.9666666666666666±0.036851386559504457
mixed8:lipstick_concept9:0.9814814814814815±0.04303314829119353
mixed8:lipstick_concept5:0.9851851851851852±0.02456759103966964
mixed8:lipstick_concept17:0.9777777777777776±0.02962962962962964
mixed8:lipstick_concept15:0.9592592592592594±0.04520946524345817
mixed8:lipstick_concept11:0.9722222222222221±0.025859703784757306
			 ---Raw CAV accuracies data---

mixed8:lipstick_concept8:[1.0, 0.9629629629629629, 1.0, 1.0, 1.0, 1.0, 1.0, 1.0, 1.0, 1.0, 1.0, 1.0, 1.0, 0.9629629629629629, 1.0, 1.0, 1.0, 1.0, 1.0, 1.0]
mixed8:lipstick_concept13:[1.0, 0.9629629629629629, 1.0, 1.0, 0.9629629629629629, 1.0, 1.0, 1.0, 1.0, 1.0, 1.0, 1.0, 1.0, 1.0, 1.0, 1.0, 1.0, 0.9259259259259259, 0.9629629629629629, 1.0]
mixed8:lipstick_concept4:[0.9629629629629629, 0.9629629629629629, 1.0, 0.9629629629629629, 1.0, 1.0, 1.0, 1.0, 1.0, 1.0, 1.0, 1.0, 1.0, 0.9259259259259259, 1.0, 1.0, 1.0, 0.9629629629629629, 1.0, 1.0]
mixed8:lipstick_concept20:[1.0, 1.0, 1.0, 1.0, 1.0, 1.0, 1.0, 0.9629629629629629, 1.0, 1.0, 1.0, 1.0, 1.0, 1.0, 0.9629629629629629, 1.0, 0.9629629629629629, 1.0, 1.0, 1.0]
mixed8:lipstick_concept7:[1.0, 1.0, 1.0, 1.0, 1.0, 1.0, 0.9629629629629629, 0.9629629629629629, 0.9629629629629629, 1.0, 1.0, 1.0, 1.0, 1.0, 0.9629629629629629, 1.0, 1.0, 1.0, 1.0, 1.0]
mixed8:lipstick_concept19:[1.0, 1.0, 1.0, 1.0, 1.0, 1.0, 1.0, 0.9629629629629629, 1.0, 1.0, 1.0, 1.0, 1.0, 1.0, 1.0, 1.0, 1.0, 0.9629629629629629, 1.0, 1.0]
mixed8:lipstick_concept3:[1.0, 0.9259259259259259, 1.0, 1.0, 0.9629629629629629, 1.0, 1.0, 0.9629629629629629, 1.0, 1.0, 1.0, 1.0, 1.0, 1.0, 1.0, 1.0, 1.0, 1.0, 0.9629629629629629, 1.0]
mixed8:lipstick_concept2:[0.9259259259259259, 1.0, 0.8518518518518519, 1.0, 1.0, 0.8518518518518519, 1.0, 0.8148148148148148, 1.0, 1.0, 1.0, 1.0, 0.9629629629629629, 1.0, 0.9629629629629629, 1.0, 0.9629629629629629, 0.9629629629629629, 1.0, 1.0]
mixed8:lipstick_concept14:[0.7777777777777778, 1.0, 1.0, 1.0, 1.0, 1.0, 1.0, 1.0, 1.0, 1.0, 1.0, 0.8518518518518519, 1.0, 0.9629629629629629, 0.8888888888888888, 0.8888888888888888, 1.0, 1.0, 1.0, 1.0]
mixed8:lipstick_concept1:[1.0, 0.9259259259259259, 1.0, 0.9629629629629629, 1.0, 0.8888888888888888, 1.0, 0.9629629629629629, 0.9629629629629629, 1.0, 0.9629629629629629, 1.0, 1.0, 1.0, 0.9259259259259259, 1.0, 0.9259259259259259, 0.9259259259259259, 1.0, 0.9629629629629629]
mixed8:lipstick_concept12:[0.9259259259259259, 1.0, 1.0, 1.0, 0.9259259259259259, 0.9629629629629629, 1.0, 0.9259259259259259, 1.0, 1.0, 0.8518518518518519, 1.0, 1.0, 1.0, 1.0, 1.0, 0.9629629629629629, 1.0, 1.0, 1.0]
mixed8:lipstick_concept18:[0.8888888888888888, 1.0, 0.9629629629629629, 1.0, 1.0, 0.9629629629629629, 1.0, 1.0, 1.0, 1.0, 0.9629629629629629, 1.0, 1.0, 0.9259259259259259, 1.0, 1.0, 1.0, 1.0, 1.0, 0.9629629629629629]
mixed8:lipstick_concept6:[1.0, 0.9629629629629629, 0.9629629629629629, 0.9629629629629629, 0.8888888888888888, 1.0, 1.0, 0.9259259259259259, 1.0, 1.0, 1.0, 0.9629629629629629, 1.0, 0.9629629629629629, 0.8518518518518519, 1.0, 0.9629629629629629, 0.9629629629629629, 1.0, 0.9629629629629629]
mixed8:lipstick_concept16:[0.9629629629629629, 1.0, 0.9259259259259259, 0.9629629629629629, 0.9629629629629629, 0.9629629629629629, 0.9629629629629629, 1.0, 1.0, 1.0, 0.9259259259259259, 1.0, 0.9629629629629629, 0.9629629629629629, 1.0, 1.0, 0.8148148148148148, 0.9259259259259259, 0.9629629629629629, 0.9629629629629629]
mixed8:lipstick_concept10:[0.8888888888888888, 0.9259259259259259, 0.9259259259259259, 1.0, 0.9629629629629629, 1.0, 1.0, 1.0, 0.9629629629629629, 1.0, 0.9629629629629629, 0.8888888888888888, 1.0, 1.0, 0.9629629629629629, 1.0, 0.9629629629629629, 0.9629629629629629, 1.0, 0.9259259259259259]
mixed8:lipstick_concept9:[1.0, 1.0, 1.0, 1.0, 1.0, 1.0, 1.0, 0.8148148148148148, 0.9629629629629629, 0.9629629629629629, 1.0, 1.0, 1.0, 1.0, 0.9629629629629629, 1.0, 0.9259259259259259, 1.0, 1.0, 1.0]
mixed8:lipstick_concept5:[1.0, 0.9259259259259259, 1.0, 1.0, 0.9629629629629629, 1.0, 0.9259259259259259, 1.0, 0.9629629629629629, 1.0, 1.0, 1.0, 1.0, 1.0, 1.0, 0.9629629629629629, 1.0, 1.0, 0.9629629629629629, 1.0]
mixed8:lipstick_concept17:[0.8888888888888888, 0.9629629629629629, 1.0, 0.9629629629629629, 1.0, 0.9259259259259259, 0.9629629629629629, 1.0, 0.9629629629629629, 0.9629629629629629, 1.0, 1.0, 0.9629629629629629, 1.0, 1.0, 1.0, 1.0, 1.0, 0.9629629629629629, 1.0]
mixed8:lipstick_concept15:[1.0, 0.9259259259259259, 0.8888888888888888, 0.9629629629629629, 1.0, 0.8888888888888888, 0.9629629629629629, 1.0, 1.0, 1.0, 1.0, 1.0, 1.0, 0.9629629629629629, 0.9259259259259259, 0.9629629629629629, 0.9259259259259259, 0.8518518518518519, 1.0, 0.9259259259259259]
mixed8:lipstick_concept11:[0.9629629629629629, 1.0, 1.0, 0.9629629629629629, 1.0, 1.0, 1.0, 0.9259259259259259, 0.9629629629629629, 0.9629629629629629, 1.0, 0.9629629629629629, 1.0, 0.9259259259259259, 1.0, 0.9629629629629629, 0.9629629629629629, 0.9629629629629629, 0.9259259259259259, 0.9629629629629629]

			 ---TCAV scores---

mixed8:lipstick_concept8:0.36875±0.19168251746051335,0.8362747027915903
mixed8:lipstick_concept13:0.31±0.12658988901172163,0.18345303894620654
mixed8:lipstick_concept4:0.275±0.1466287829861518,0.02253015486989372
mixed8:lipstick_concept20:0.27375±0.11871051975288456,0.07800768718989384
mixed8:lipstick_concept7:0.2725±0.12346558224865746,0.04289781619812258
mixed8:lipstick_concept19:0.27249999999999996±0.14788086421170252,0.039182840043126034
mixed8:lipstick_concept3:0.2625±0.15176050210776187,0.02204523402167746
mixed8:lipstick_concept2:0.23500000000000001±0.12975939272360978,0.0047255827579906744
mixed8:lipstick_concept14:0.23125±0.09838540288071193,0.0031576096966307262
mixed8:lipstick_concept1:0.22500000000000003±0.10124228365658296,0.0015572890733933217
mixed8:lipstick_concept12:0.21374999999999997±0.10766702141324427,0.000612245814164573
mixed8:lipstick_concept18:0.20875000000000005±0.12456800351615176,0.0025894206501646004
mixed8:lipstick_concept6:0.19±0.08492643875731515,0.0007998486108601753
mixed8:lipstick_concept16:0.15875±0.0742777725837279,0.00016165555419768625
mixed8:lipstick_concept10:0.1275±0.10274361294017258,1.9549836542142698e-05
mixed8:lipstick_concept9:0.12249999999999998±0.09549214627392139,3.0297844138512594e-05
mixed8:lipstick_concept5:0.1075±0.05868347297152751,1.779126781927323e-06
mixed8:lipstick_concept17:0.09624999999999999±0.048909993866284626,3.11893942102909e-06
mixed8:lipstick_concept15:0.09250000000000001±0.057608593109014554,1.2554597577224532e-06
mixed8:lipstick_concept11:0.0425±0.021065374432940893,4.948553746546387e-07
			 ---Raw TCAV scores data---

mixed8:lipstick_concept8:[0.325, 0.35, 0.2, 0.1, 0.3, 0.525, 0.225, 0.75, 0.3, 0.225, 0.4, 0.775, 0.15, 0.3, 0.5, 0.425, 0.45, 0.35, 0.65, 0.075]
mixed8:lipstick_concept13:[0.375, 0.325, 0.2, 0.575, 0.175, 0.225, 0.325, 0.475, 0.3, 0.25, 0.075, 0.4, 0.4, 0.4, 0.175, 0.275, 0.275, 0.425, 0.1, 0.45]
mixed8:lipstick_concept4:[0.375, 0.275, 0.075, 0.2, 0.65, 0.175, 0.525, 0.2, 0.45, 0.325, 0.15, 0.475, 0.225, 0.225, 0.275, 0.275, 0.15, 0.175, 0.1, 0.2]
mixed8:lipstick_concept20:[0.575, 0.325, 0.15, 0.2, 0.2, 0.225, 0.375, 0.25, 0.225, 0.2, 0.5, 0.25, 0.075, 0.4, 0.275, 0.25, 0.4, 0.2, 0.225, 0.175]
mixed8:lipstick_concept7:[0.375, 0.425, 0.2, 0.15, 0.275, 0.225, 0.25, 0.25, 0.275, 0.525, 0.175, 0.275, 0.175, 0.15, 0.35, 0.525, 0.125, 0.1, 0.425, 0.2]
mixed8:lipstick_concept19:[0.3, 0.3, 0.05, 0.425, 0.25, 0.1, 0.2, 0.65, 0.325, 0.25, 0.3, 0.2, 0.35, 0.325, 0.1, 0.575, 0.125, 0.275, 0.125, 0.225]
mixed8:lipstick_concept3:[0.225, 0.275, 0.025, 0.475, 0.35, 0.05, 0.25, 0.225, 0.6, 0.1, 0.05, 0.5, 0.125, 0.35, 0.275, 0.275, 0.35, 0.275, 0.125, 0.35]
mixed8:lipstick_concept2:[0.375, 0.05, 0.2, 0.1, 0.325, 0.075, 0.25, 0.2, 0.2, 0.55, 0.2, 0.4, 0.1, 0.125, 0.475, 0.2, 0.15, 0.25, 0.275, 0.2]
mixed8:lipstick_concept14:[0.175, 0.25, 0.325, 0.175, 0.35, 0.1, 0.3, 0.425, 0.325, 0.2, 0.125, 0.25, 0.225, 0.2, 0.075, 0.325, 0.2, 0.05, 0.2, 0.35]
mixed8:lipstick_concept1:[0.1, 0.1, 0.15, 0.25, 0.35, 0.05, 0.175, 0.45, 0.25, 0.3, 0.35, 0.3, 0.275, 0.125, 0.35, 0.225, 0.2, 0.2, 0.15, 0.15]
mixed8:lipstick_concept12:[0.175, 0.25, 0.15, 0.2, 0.125, 0.2, 0.1, 0.325, 0.6, 0.325, 0.2, 0.15, 0.25, 0.175, 0.225, 0.125, 0.2, 0.225, 0.175, 0.1]
mixed8:lipstick_concept18:[0.2, 0.175, 0.075, 0.2, 0.6, 0.35, 0.225, 0.175, 0.125, 0.375, 0.05, 0.3, 0.15, 0.1, 0.15, 0.1, 0.25, 0.2, 0.1, 0.275]
mixed8:lipstick_concept6:[0.15, 0.15, 0.275, 0.175, 0.275, 0.15, 0.275, 0.15, 0.25, 0.275, 0.05, 0.075, 0.15, 0.175, 0.375, 0.175, 0.125, 0.05, 0.3, 0.2]
mixed8:lipstick_concept16:[0.1, 0.125, 0.125, 0.225, 0.1, 0.2, 0.1, 0.15, 0.2, 0.1, 0.075, 0.375, 0.15, 0.25, 0.25, 0.175, 0.1, 0.05, 0.175, 0.15]
mixed8:lipstick_concept10:[0.125, 0.075, 0.15, 0.075, 0.15, 0.1, 0.075, 0.1, 0.3, 0.075, 0.05, 0.325, 0.425, 0.025, 0.025, 0.125, 0.1, 0.05, 0.15, 0.05]
mixed8:lipstick_concept9:[0.025, 0.125, 0.35, 0.025, 0.025, 0.075, 0.125, 0.1, 0.25, 0.125, 0.075, 0.175, 0.1, 0.05, 0.05, 0.35, 0.025, 0.075, 0.15, 0.175]
mixed8:lipstick_concept5:[0.025, 0.15, 0.075, 0.025, 0.1, 0.15, 0.175, 0.1, 0.125, 0.25, 0.025, 0.175, 0.125, 0.125, 0.075, 0.075, 0.175, 0.1, 0.05, 0.05]
mixed8:lipstick_concept17:[0.125, 0.025, 0.2, 0.05, 0.175, 0.075, 0.125, 0.15, 0.125, 0.05, 0.05, 0.1, 0.05, 0.125, 0.1, 0.1, 0.025, 0.15, 0.075, 0.05]
mixed8:lipstick_concept15:[0.1, 0.025, 0.1, 0.05, 0.1, 0.1, 0.075, 0.175, 0.15, 0.05, 0.05, 0.275, 0.025, 0.1, 0.025, 0.125, 0.1, 0.05, 0.075, 0.1]
mixed8:lipstick_concept11:[0.075, 0.05, 0.05, 0.025, 0.05, 0.075, 0.025, 0.075, 0.025, 0.075, 0.025, 0.075, 0.025, 0.025, 0.05, 0.025, 0.025, 0.025, 0.025, 0.025]