

			 ---CAV accuracies---

mixed8:basketball_concept6:0.9907407407407408±0.025859703784757316
mixed8:basketball_concept13:0.9851851851851852±0.02456759103966964
mixed8:basketball_concept20:0.9851851851851852±0.021596118129056686
mixed8:basketball_concept12:0.9814814814814815±0.02746740180405802
mixed8:basketball_concept1:0.987037037037037±0.04867940528924043
mixed8:basketball_concept5:0.9925925925925926±0.014814814814814836
mixed8:basketball_concept22:0.9703703703703702±0.049135182079339264
mixed8:basketball_concept7:0.9722222222222221±0.032867109906108985
mixed8:basketball_concept10:0.9777777777777776±0.03394500514782105
mixed8:basketball_concept18:0.975925925925926±0.03159022612820739
mixed8:basketball_concept8:0.9814814814814815±0.029860213882587226
mixed8:basketball_concept2:0.9777777777777776±0.024567591039669642
mixed8:basketball_concept17:0.9740740740740741±0.031207962122875403
mixed8:basketball_concept21:0.9740740740740741±0.035331081533960966
mixed8:basketball_concept14:0.9666666666666666±0.05354382331407764
mixed8:basketball_concept15:0.9703703703703704±0.03813196348513704
mixed8:basketball_concept4:0.9796296296296297±0.027404904790645824
mixed8:basketball_concept11:0.9592592592592594±0.030765273566363244
mixed8:basketball_concept16:0.9722222222222221±0.030709488799587046
mixed8:basketball_concept9:0.9722222222222221±0.025859703784757306
mixed8:basketball_concept19:0.9685185185185187±0.033691491479000475
mixed8:basketball_concept3:0.9759259259259258±0.02421610524189264
			 ---Raw CAV accuracies data---

mixed8:basketball_concept6:[1.0, 1.0, 1.0, 1.0, 0.9629629629629629, 1.0, 1.0, 0.9629629629629629, 1.0, 1.0, 1.0, 0.8888888888888888, 1.0, 1.0, 1.0, 1.0, 1.0, 1.0, 1.0, 1.0]
mixed8:basketball_concept13:[1.0, 1.0, 1.0, 0.9629629629629629, 0.9629629629629629, 1.0, 1.0, 1.0, 1.0, 1.0, 1.0, 1.0, 1.0, 0.9629629629629629, 1.0, 0.9259259259259259, 0.9629629629629629, 0.9259259259259259, 1.0, 1.0]
mixed8:basketball_concept20:[1.0, 1.0, 1.0, 1.0, 1.0, 1.0, 0.9629629629629629, 0.9629629629629629, 0.9629629629629629, 0.9629629629629629, 1.0, 0.9259259259259259, 1.0, 1.0, 1.0, 1.0, 1.0, 1.0, 0.9629629629629629, 0.9629629629629629]
mixed8:basketball_concept12:[1.0, 0.9629629629629629, 0.9629629629629629, 0.9259259259259259, 1.0, 1.0, 0.9629629629629629, 1.0, 0.9629629629629629, 1.0, 1.0, 1.0, 1.0, 0.9259259259259259, 1.0, 1.0, 1.0, 0.9259259259259259, 1.0, 1.0]
mixed8:basketball_concept1:[1.0, 1.0, 1.0, 1.0, 1.0, 1.0, 1.0, 1.0, 1.0, 0.9629629629629629, 1.0, 1.0, 0.7777777777777778, 1.0, 1.0, 1.0, 1.0, 1.0, 1.0, 1.0]
mixed8:basketball_concept5:[1.0, 1.0, 1.0, 1.0, 1.0, 0.9629629629629629, 1.0, 1.0, 1.0, 1.0, 1.0, 1.0, 0.9629629629629629, 1.0, 1.0, 0.9629629629629629, 1.0, 0.9629629629629629, 1.0, 1.0]
mixed8:basketball_concept22:[0.9629629629629629, 0.7777777777777778, 0.9629629629629629, 1.0, 1.0, 0.9259259259259259, 0.9629629629629629, 1.0, 1.0, 1.0, 0.9629629629629629, 1.0, 0.9629629629629629, 0.9629629629629629, 1.0, 0.9629629629629629, 1.0, 1.0, 0.9629629629629629, 1.0]
mixed8:basketball_concept7:[0.9629629629629629, 0.9629629629629629, 0.9259259259259259, 0.9259259259259259, 1.0, 1.0, 1.0, 0.9629629629629629, 1.0, 0.9629629629629629, 0.9629629629629629, 1.0, 0.9259259259259259, 1.0, 0.9629629629629629, 0.8888888888888888, 1.0, 1.0, 1.0, 1.0]
mixed8:basketball_concept10:[1.0, 1.0, 0.9259259259259259, 1.0, 1.0, 1.0, 0.9259259259259259, 1.0, 1.0, 0.8888888888888888, 0.9259259259259259, 1.0, 1.0, 1.0, 0.9629629629629629, 1.0, 1.0, 0.9629629629629629, 0.9629629629629629, 1.0]
mixed8:basketball_concept18:[1.0, 0.9629629629629629, 1.0, 0.9629629629629629, 0.9629629629629629, 1.0, 1.0, 1.0, 0.9629629629629629, 1.0, 0.9259259259259259, 1.0, 1.0, 0.9259259259259259, 0.9629629629629629, 0.9629629629629629, 1.0, 0.8888888888888888, 1.0, 1.0]
mixed8:basketball_concept8:[0.9259259259259259, 1.0, 1.0, 1.0, 1.0, 0.9629629629629629, 0.9259259259259259, 1.0, 1.0, 0.9259259259259259, 1.0, 0.9629629629629629, 1.0, 1.0, 1.0, 1.0, 1.0, 1.0, 0.9259259259259259, 1.0]
mixed8:basketball_concept2:[1.0, 0.9629629629629629, 1.0, 0.9629629629629629, 0.9629629629629629, 0.9629629629629629, 1.0, 0.9259259259259259, 0.9629629629629629, 1.0, 0.9629629629629629, 0.9259259259259259, 0.9629629629629629, 1.0, 1.0, 1.0, 1.0, 1.0, 0.9629629629629629, 1.0]
mixed8:basketball_concept17:[1.0, 0.9259259259259259, 0.9259259259259259, 0.9259259259259259, 0.9629629629629629, 0.9629629629629629, 1.0, 0.9629629629629629, 1.0, 1.0, 1.0, 1.0, 1.0, 0.9629629629629629, 1.0, 0.9259259259259259, 0.9259259259259259, 1.0, 1.0, 1.0]
mixed8:basketball_concept21:[1.0, 1.0, 0.9259259259259259, 0.9629629629629629, 1.0, 0.9629629629629629, 1.0, 0.8888888888888888, 0.9629629629629629, 1.0, 1.0, 1.0, 0.8888888888888888, 0.9629629629629629, 1.0, 1.0, 0.9629629629629629, 1.0, 0.9629629629629629, 1.0]
mixed8:basketball_concept14:[1.0, 1.0, 0.8888888888888888, 1.0, 1.0, 1.0, 1.0, 1.0, 0.8148148148148148, 1.0, 0.9629629629629629, 0.9259259259259259, 1.0, 1.0, 0.8888888888888888, 1.0, 0.9629629629629629, 0.8888888888888888, 1.0, 1.0]
mixed8:basketball_concept15:[1.0, 0.9629629629629629, 0.9629629629629629, 0.9259259259259259, 0.9629629629629629, 1.0, 1.0, 0.9629629629629629, 0.8518518518518519, 1.0, 1.0, 0.9259259259259259, 1.0, 0.9629629629629629, 1.0, 1.0, 0.9629629629629629, 1.0, 0.9259259259259259, 1.0]
mixed8:basketball_concept4:[0.9629629629629629, 0.9629629629629629, 1.0, 1.0, 1.0, 0.9259259259259259, 1.0, 0.9629629629629629, 1.0, 0.9259259259259259, 1.0, 0.9629629629629629, 1.0, 1.0, 1.0, 1.0, 0.9629629629629629, 0.9259259259259259, 1.0, 1.0]
mixed8:basketball_concept11:[0.9629629629629629, 0.9629629629629629, 1.0, 1.0, 0.9259259259259259, 0.9259259259259259, 0.9629629629629629, 0.9259259259259259, 0.9629629629629629, 1.0, 0.9629629629629629, 0.9629629629629629, 0.8888888888888888, 0.9629629629629629, 1.0, 0.9629629629629629, 0.9259259259259259, 0.9629629629629629, 0.9259259259259259, 1.0]
mixed8:basketball_concept16:[0.9629629629629629, 0.8888888888888888, 1.0, 1.0, 1.0, 1.0, 0.9629629629629629, 1.0, 0.9629629629629629, 1.0, 0.9259259259259259, 1.0, 0.9629629629629629, 1.0, 0.9629629629629629, 0.9259259259259259, 1.0, 0.9629629629629629, 0.9629629629629629, 0.9629629629629629]
mixed8:basketball_concept9:[1.0, 0.9629629629629629, 0.9629629629629629, 0.9629629629629629, 0.9629629629629629, 0.9259259259259259, 1.0, 0.9629629629629629, 0.9629629629629629, 1.0, 0.9629629629629629, 1.0, 1.0, 0.9259259259259259, 1.0, 0.9629629629629629, 1.0, 1.0, 0.9629629629629629, 0.9259259259259259]
mixed8:basketball_concept19:[1.0, 0.9259259259259259, 0.9259259259259259, 0.9629629629629629, 0.9629629629629629, 0.8888888888888888, 1.0, 1.0, 0.9629629629629629, 1.0, 1.0, 1.0, 0.9629629629629629, 0.9629629629629629, 0.9629629629629629, 1.0, 0.9259259259259259, 0.9259259259259259, 1.0, 1.0]
mixed8:basketball_concept3:[0.9629629629629629, 0.9629629629629629, 0.9629629629629629, 0.9629629629629629, 0.9629629629629629, 1.0, 0.9259259259259259, 1.0, 1.0, 1.0, 0.9629629629629629, 0.9629629629629629, 1.0, 1.0, 1.0, 1.0, 1.0, 0.9629629629629629, 0.9259259259259259, 0.9629629629629629]

			 ---TCAV scores---

mixed8:basketball_concept6:0.4487500000000001±0.14884450779252822,0.10028227380412717
mixed8:basketball_concept13:0.39625±0.1906034823921116,0.44833719570848063
mixed8:basketball_concept20:0.38125±0.1495566364291468,0.5456177908078726
mixed8:basketball_concept12:0.325±0.15041608956491323,0.7716370856399476
mixed8:basketball_concept1:0.3175±0.13278271724889498,0.6959687387454925
mixed8:basketball_concept5:0.30874999999999997±0.12972928543702075,0.5114302140691802
mixed8:basketball_concept22:0.30125±0.14349978222979992,0.46236355165223886
mixed8:basketball_concept7:0.28875±0.11685327338162162,0.352614795062823
mixed8:basketball_concept10:0.28125000000000006±0.1095088466745952,0.3197416713603374
mixed8:basketball_concept18:0.24375±0.09613629647536877,0.08415163671765657
mixed8:basketball_concept8:0.24124999999999996±0.10436564329318342,0.09486066447940292
mixed8:basketball_concept2:0.21749999999999997±0.08370334521391604,0.011546608427086965
mixed8:basketball_concept17:0.1975±0.13059957886608978,0.010028225767326211
mixed8:basketball_concept21:0.18375±0.11970667274634275,0.00520457901433949
mixed8:basketball_concept14:0.16624999999999998±0.08226291691886448,0.0018850660358861425
mixed8:basketball_concept15:0.14875±0.09235630731032937,0.0005144488165758751
mixed8:basketball_concept4:0.13±0.10386289038920495,0.00020954374229313134
mixed8:basketball_concept11:0.10625±0.05526922742358536,0.00013291797487127006
mixed8:basketball_concept16:0.09125000000000001±0.06338128667043609,0.0001509687627399251
mixed8:basketball_concept9:0.09±0.05208166663999915,7.536082011438342e-05
mixed8:basketball_concept19:0.08375±0.044211847959568486,8.632868649130826e-05
mixed8:basketball_concept3:0.051250000000000004±0.05447189642375231,9.299940912815559e-06
			 ---Raw TCAV scores data---

mixed8:basketball_concept6:[0.2, 0.5, 0.175, 0.65, 0.45, 0.475, 0.7, 0.275, 0.55, 0.65, 0.375, 0.4, 0.4, 0.45, 0.325, 0.65, 0.55, 0.35, 0.55, 0.3]
mixed8:basketball_concept13:[0.25, 0.2, 0.375, 0.45, 0.2, 0.325, 0.525, 0.325, 0.8, 0.5, 0.2, 0.5, 0.15, 0.225, 0.25, 0.5, 0.825, 0.475, 0.25, 0.6]
mixed8:basketball_concept20:[0.7, 0.375, 0.275, 0.725, 0.35, 0.2, 0.35, 0.225, 0.425, 0.375, 0.4, 0.2, 0.375, 0.55, 0.275, 0.35, 0.25, 0.575, 0.425, 0.225]
mixed8:basketball_concept12:[0.1, 0.1, 0.35, 0.2, 0.55, 0.275, 0.375, 0.225, 0.2, 0.425, 0.3, 0.7, 0.225, 0.325, 0.425, 0.225, 0.5, 0.25, 0.25, 0.5]
mixed8:basketball_concept1:[0.3, 0.325, 0.475, 0.55, 0.325, 0.275, 0.3, 0.1, 0.25, 0.375, 0.375, 0.275, 0.1, 0.25, 0.05, 0.45, 0.5, 0.475, 0.225, 0.375]
mixed8:basketball_concept5:[0.35, 0.25, 0.275, 0.225, 0.275, 0.5, 0.375, 0.35, 0.4, 0.5, 0.25, 0.6, 0.225, 0.225, 0.25, 0.4, 0.175, 0.375, 0.1, 0.075]
mixed8:basketball_concept22:[0.225, 0.35, 0.1, 0.25, 0.125, 0.3, 0.275, 0.25, 0.4, 0.55, 0.6, 0.275, 0.275, 0.05, 0.2, 0.3, 0.45, 0.35, 0.525, 0.175]
mixed8:basketball_concept7:[0.2, 0.325, 0.15, 0.25, 0.175, 0.15, 0.325, 0.15, 0.325, 0.35, 0.475, 0.4, 0.2, 0.2, 0.425, 0.175, 0.575, 0.3, 0.25, 0.375]
mixed8:basketball_concept10:[0.25, 0.3, 0.175, 0.225, 0.225, 0.25, 0.2, 0.15, 0.55, 0.4, 0.3, 0.35, 0.5, 0.325, 0.1, 0.325, 0.325, 0.25, 0.15, 0.275]
mixed8:basketball_concept18:[0.275, 0.225, 0.175, 0.25, 0.125, 0.225, 0.25, 0.125, 0.325, 0.45, 0.35, 0.15, 0.1, 0.325, 0.15, 0.45, 0.25, 0.225, 0.25, 0.2]
mixed8:basketball_concept8:[0.25, 0.225, 0.15, 0.075, 0.15, 0.075, 0.175, 0.2, 0.25, 0.25, 0.1, 0.275, 0.325, 0.225, 0.475, 0.325, 0.35, 0.225, 0.3, 0.425]
mixed8:basketball_concept2:[0.25, 0.275, 0.075, 0.1, 0.225, 0.125, 0.3, 0.225, 0.25, 0.3, 0.075, 0.325, 0.175, 0.2, 0.125, 0.2, 0.25, 0.4, 0.225, 0.25]
mixed8:basketball_concept17:[0.15, 0.575, 0.225, 0.075, 0.45, 0.15, 0.25, 0.225, 0.125, 0.25, 0.1, 0.225, 0.325, 0.025, 0.1, 0.125, 0.2, 0.1, 0.05, 0.225]
mixed8:basketball_concept21:[0.05, 0.15, 0.025, 0.075, 0.125, 0.025, 0.225, 0.2, 0.3, 0.375, 0.15, 0.475, 0.15, 0.125, 0.175, 0.225, 0.35, 0.025, 0.25, 0.2]
mixed8:basketball_concept14:[0.35, 0.075, 0.1, 0.125, 0.075, 0.075, 0.225, 0.075, 0.175, 0.325, 0.175, 0.225, 0.25, 0.125, 0.1, 0.275, 0.175, 0.15, 0.15, 0.1]
mixed8:basketball_concept15:[0.1, 0.175, 0.1, 0.125, 0.025, 0.125, 0.225, 0.125, 0.15, 0.475, 0.05, 0.175, 0.075, 0.2, 0.15, 0.175, 0.175, 0.175, 0.025, 0.15]
mixed8:basketball_concept4:[0.175, 0.125, 0.0, 0.025, 0.025, 0.0, 0.05, 0.05, 0.175, 0.45, 0.125, 0.2, 0.225, 0.175, 0.125, 0.15, 0.2, 0.15, 0.175, 0.0]
mixed8:basketball_concept11:[0.1, 0.15, 0.05, 0.125, 0.1, 0.0, 0.075, 0.15, 0.2, 0.2, 0.225, 0.1, 0.1, 0.1, 0.1, 0.025, 0.075, 0.075, 0.1, 0.075]
mixed8:basketball_concept16:[0.025, 0.05, 0.05, 0.2, 0.075, 0.025, 0.075, 0.1, 0.05, 0.15, 0.05, 0.25, 0.05, 0.225, 0.1, 0.1, 0.075, 0.05, 0.075, 0.05]
mixed8:basketball_concept9:[0.175, 0.075, 0.0, 0.15, 0.15, 0.025, 0.05, 0.1, 0.125, 0.075, 0.05, 0.175, 0.125, 0.05, 0.1, 0.025, 0.15, 0.1, 0.075, 0.025]
mixed8:basketball_concept19:[0.075, 0.15, 0.15, 0.0, 0.05, 0.05, 0.125, 0.025, 0.05, 0.15, 0.1, 0.05, 0.05, 0.1, 0.1, 0.125, 0.125, 0.025, 0.1, 0.075]
mixed8:basketball_concept3:[0.075, 0.025, 0.0, 0.025, 0.025, 0.0, 0.0, 0.025, 0.075, 0.2, 0.025, 0.175, 0.025, 0.05, 0.125, 0.05, 0.0, 0.05, 0.025, 0.05]