

			 ---CAV accuracies---

mixed8:ambulance_concept22:0.9796296296296296±0.03605170802579961
mixed8:ambulance_concept11:0.9833333333333331±0.027404904790645838
mixed8:ambulance_concept7:0.9925925925925926±0.014814814814814834
mixed8:ambulance_concept12:0.9833333333333332±0.027404904790645838
mixed8:ambulance_concept5:0.9944444444444442±0.013224867460264555
mixed8:ambulance_concept18:0.9777777777777779±0.029629629629629638
mixed8:ambulance_concept21:0.9685185185185186±0.04425112276055008
mixed8:ambulance_concept13:0.9833333333333332±0.02183301133805853
mixed8:ambulance_concept17:0.987037037037037±0.0176655407669805
mixed8:ambulance_concept16:0.9851851851851853±0.021596118129056686
mixed8:ambulance_concept6:0.9851851851851852±0.021596118129056686
mixed8:ambulance_concept8:0.9685185185185186±0.04267303193260339
mixed8:ambulance_concept3:0.9870370370370368±0.021195413226406674
mixed8:ambulance_concept14:0.9629629629629628±0.04536092116265146
mixed8:ambulance_concept15:0.9814814814814813±0.027467401804058014
mixed8:ambulance_concept9:0.962962962962963±0.042228719448116236
mixed8:ambulance_concept20:0.9740740740740739±0.031207962122875417
mixed8:ambulance_concept4:0.9685185185185186±0.029338850958805306
mixed8:ambulance_concept19:0.9351851851851853±0.04951756280415162
mixed8:ambulance_concept10:0.962962962962963±0.04222871944811624
mixed8:ambulance_concept1:0.9759259259259258±0.033691491479000475
mixed8:ambulance_concept2:0.9407407407407407±0.052899469841058144
			 ---Raw CAV accuracies data---

mixed8:ambulance_concept22:[0.9629629629629629, 0.9629629629629629, 1.0, 1.0, 0.9259259259259259, 0.8518518518518519, 1.0, 1.0, 0.9629629629629629, 1.0, 0.9629629629629629, 0.9629629629629629, 1.0, 1.0, 1.0, 1.0, 1.0, 1.0, 1.0, 1.0]
mixed8:ambulance_concept11:[1.0, 1.0, 0.9629629629629629, 1.0, 1.0, 1.0, 1.0, 1.0, 0.8888888888888888, 1.0, 1.0, 1.0, 1.0, 1.0, 1.0, 0.9629629629629629, 0.9629629629629629, 0.9629629629629629, 0.9629629629629629, 0.9629629629629629]
mixed8:ambulance_concept7:[1.0, 1.0, 1.0, 1.0, 1.0, 1.0, 1.0, 1.0, 0.9629629629629629, 1.0, 1.0, 0.9629629629629629, 1.0, 0.9629629629629629, 1.0, 1.0, 1.0, 0.9629629629629629, 1.0, 1.0]
mixed8:ambulance_concept12:[1.0, 0.9629629629629629, 0.9629629629629629, 1.0, 1.0, 0.8888888888888888, 0.9629629629629629, 1.0, 1.0, 0.9629629629629629, 0.9629629629629629, 1.0, 1.0, 1.0, 0.9629629629629629, 1.0, 1.0, 1.0, 1.0, 1.0]
mixed8:ambulance_concept5:[1.0, 1.0, 1.0, 1.0, 1.0, 1.0, 1.0, 1.0, 1.0, 1.0, 1.0, 1.0, 1.0, 0.9629629629629629, 1.0, 1.0, 1.0, 0.9629629629629629, 0.9629629629629629, 1.0]
mixed8:ambulance_concept18:[1.0, 0.9259259259259259, 0.9629629629629629, 1.0, 1.0, 1.0, 0.9629629629629629, 0.9629629629629629, 0.9629629629629629, 1.0, 1.0, 1.0, 0.9259259259259259, 1.0, 1.0, 1.0, 1.0, 0.9259259259259259, 0.9259259259259259, 1.0]
mixed8:ambulance_concept21:[1.0, 1.0, 1.0, 1.0, 0.9629629629629629, 1.0, 0.9629629629629629, 0.8888888888888888, 0.8888888888888888, 0.9629629629629629, 0.9629629629629629, 1.0, 0.9629629629629629, 0.9259259259259259, 1.0, 0.8518518518518519, 1.0, 1.0, 1.0, 1.0]
mixed8:ambulance_concept13:[1.0, 1.0, 0.9259259259259259, 1.0, 0.9629629629629629, 1.0, 1.0, 0.9629629629629629, 0.9629629629629629, 1.0, 1.0, 0.9629629629629629, 0.9629629629629629, 1.0, 1.0, 1.0, 0.9629629629629629, 1.0, 1.0, 0.9629629629629629]
mixed8:ambulance_concept17:[0.9629629629629629, 1.0, 0.9629629629629629, 1.0, 1.0, 1.0, 0.9629629629629629, 1.0, 1.0, 0.9629629629629629, 0.9629629629629629, 1.0, 1.0, 1.0, 1.0, 0.9629629629629629, 1.0, 1.0, 1.0, 0.9629629629629629]
mixed8:ambulance_concept16:[1.0, 0.9629629629629629, 1.0, 1.0, 0.9629629629629629, 1.0, 1.0, 0.9629629629629629, 1.0, 1.0, 0.9629629629629629, 1.0, 0.9629629629629629, 1.0, 1.0, 0.9629629629629629, 1.0, 1.0, 0.9259259259259259, 1.0]
mixed8:ambulance_concept6:[0.9629629629629629, 0.9629629629629629, 1.0, 0.9629629629629629, 1.0, 0.9629629629629629, 1.0, 1.0, 0.9259259259259259, 0.9629629629629629, 1.0, 1.0, 1.0, 1.0, 1.0, 1.0, 0.9629629629629629, 1.0, 1.0, 1.0]
mixed8:ambulance_concept8:[1.0, 1.0, 1.0, 1.0, 0.9259259259259259, 0.8888888888888888, 0.9259259259259259, 0.8888888888888888, 1.0, 1.0, 1.0, 1.0, 0.9629629629629629, 1.0, 0.9259259259259259, 1.0, 0.8888888888888888, 1.0, 1.0, 0.9629629629629629]
mixed8:ambulance_concept3:[1.0, 0.9629629629629629, 1.0, 1.0, 0.9259259259259259, 1.0, 1.0, 1.0, 0.9629629629629629, 1.0, 0.9629629629629629, 1.0, 1.0, 1.0, 1.0, 1.0, 0.9629629629629629, 0.9629629629629629, 1.0, 1.0]
mixed8:ambulance_concept14:[1.0, 1.0, 0.9629629629629629, 0.9629629629629629, 0.9629629629629629, 0.8148148148148148, 0.9629629629629629, 0.9629629629629629, 0.8888888888888888, 1.0, 1.0, 0.9629629629629629, 1.0, 0.9259259259259259, 0.9629629629629629, 0.9259259259259259, 1.0, 0.9629629629629629, 1.0, 1.0]
mixed8:ambulance_concept15:[1.0, 0.9629629629629629, 0.9259259259259259, 1.0, 1.0, 0.9629629629629629, 1.0, 0.9629629629629629, 1.0, 1.0, 1.0, 0.9259259259259259, 1.0, 1.0, 1.0, 0.9259259259259259, 1.0, 1.0, 0.9629629629629629, 1.0]
mixed8:ambulance_concept9:[1.0, 1.0, 0.8518518518518519, 1.0, 0.9629629629629629, 0.9629629629629629, 1.0, 0.8888888888888888, 0.9629629629629629, 0.9629629629629629, 0.9629629629629629, 0.9629629629629629, 0.8888888888888888, 1.0, 1.0, 0.9629629629629629, 0.9259259259259259, 0.9629629629629629, 1.0, 1.0]
mixed8:ambulance_concept20:[1.0, 0.9629629629629629, 1.0, 1.0, 0.8888888888888888, 0.9259259259259259, 1.0, 1.0, 0.9629629629629629, 0.9629629629629629, 1.0, 1.0, 1.0, 1.0, 0.9629629629629629, 0.9259259259259259, 0.9629629629629629, 0.9629629629629629, 0.9629629629629629, 1.0]
mixed8:ambulance_concept4:[0.9629629629629629, 0.8888888888888888, 1.0, 0.9629629629629629, 0.9629629629629629, 0.9629629629629629, 1.0, 0.9629629629629629, 1.0, 1.0, 0.9629629629629629, 1.0, 0.9629629629629629, 0.9629629629629629, 0.9259259259259259, 1.0, 0.9629629629629629, 1.0, 0.9259259259259259, 0.9629629629629629]
mixed8:ambulance_concept19:[0.9629629629629629, 0.9629629629629629, 0.9259259259259259, 0.8888888888888888, 0.9629629629629629, 0.9259259259259259, 0.9259259259259259, 0.7777777777777778, 0.9259259259259259, 1.0, 0.9259259259259259, 0.9259259259259259, 1.0, 0.8888888888888888, 0.9259259259259259, 1.0, 0.9629629629629629, 0.9629629629629629, 0.9629629629629629, 0.8888888888888888]
mixed8:ambulance_concept10:[1.0, 1.0, 1.0, 1.0, 0.8888888888888888, 0.9259259259259259, 1.0, 0.9259259259259259, 0.9259259259259259, 0.8888888888888888, 0.9629629629629629, 0.9629629629629629, 0.8888888888888888, 1.0, 1.0, 1.0, 1.0, 0.9259259259259259, 1.0, 0.9629629629629629]
mixed8:ambulance_concept1:[0.9629629629629629, 1.0, 0.9629629629629629, 1.0, 1.0, 0.9629629629629629, 0.9629629629629629, 1.0, 1.0, 1.0, 0.8518518518518519, 0.9629629629629629, 0.9629629629629629, 0.9629629629629629, 1.0, 1.0, 1.0, 1.0, 0.9629629629629629, 0.9629629629629629]
mixed8:ambulance_concept2:[0.9629629629629629, 0.8518518518518519, 0.9259259259259259, 1.0, 0.9259259259259259, 0.9259259259259259, 0.9629629629629629, 0.9629629629629629, 1.0, 0.9629629629629629, 0.8888888888888888, 1.0, 1.0, 0.9629629629629629, 0.9259259259259259, 0.9259259259259259, 0.9629629629629629, 0.8518518518518519, 0.8148148148148148, 1.0]

			 ---TCAV scores---

mixed8:ambulance_concept22:0.63±0.18550606459089145,0.008191516332733562
mixed8:ambulance_concept11:0.6075±0.1282331860323216,0.04841001042174347
mixed8:ambulance_concept7:0.58125±0.1963534759050626,0.11639319497593509
mixed8:ambulance_concept12:0.55625±0.13781214569115452,0.19564024269713126
mixed8:ambulance_concept5:0.5474999999999999±0.21706853756359995,0.3165354189081251
mixed8:ambulance_concept18:0.53125±0.19070182877990446,0.3520079508182573
mixed8:ambulance_concept21:0.5275000000000001±0.1916865931670757,0.139010790303022
mixed8:ambulance_concept13:0.5249999999999999±0.18506755523321747,0.413745000205331
mixed8:ambulance_concept17:0.48875000000000013±0.2056202507050315,0.8118809247472951
mixed8:ambulance_concept16:0.3975±0.17390730289438683,0.29934276551017086
mixed8:ambulance_concept6:0.39249999999999996±0.17394323786798957,0.192050725227021
mixed8:ambulance_concept8:0.3775±0.17462459735100322,0.13447048544083456
mixed8:ambulance_concept3:0.34249999999999997±0.1667895380412093,0.0713804126828155
mixed8:ambulance_concept14:0.30874999999999997±0.1923985122083848,0.031662702282088215
mixed8:ambulance_concept15:0.28250000000000003±0.11648497757221744,0.0040484072428996366
mixed8:ambulance_concept9:0.26125±0.11387355926640741,0.00040470069405620376
mixed8:ambulance_concept20:0.21499999999999994±0.11921619017566364,0.0002975449683228607
mixed8:ambulance_concept4:0.20375000000000001±0.11812996021331759,6.052691163891105e-05
mixed8:ambulance_concept19:0.19749999999999998±0.10365206220813941,3.450906547449157e-06
mixed8:ambulance_concept10:0.16375±0.103523849909091,3.6746481163731362e-06
mixed8:ambulance_concept1:0.155±0.08314144574157945,1.3276090450445161e-05
mixed8:ambulance_concept2:0.08875000000000001±0.0629856134367206,1.2846674221935917e-07
			 ---Raw TCAV scores data---

mixed8:ambulance_concept22:[0.375, 0.675, 0.725, 0.875, 0.95, 0.375, 0.475, 0.875, 0.4, 0.55, 0.475, 0.825, 0.575, 0.8, 0.7, 0.725, 0.375, 0.825, 0.475, 0.55]
mixed8:ambulance_concept11:[0.675, 0.95, 0.575, 0.575, 0.45, 0.45, 0.75, 0.7, 0.6, 0.475, 0.475, 0.6, 0.475, 0.55, 0.55, 0.725, 0.6, 0.5, 0.675, 0.8]
mixed8:ambulance_concept7:[0.675, 0.55, 0.675, 0.575, 0.775, 0.65, 0.825, 0.525, 0.325, 0.575, 0.375, 0.375, 0.425, 0.6, 0.8, 1.0, 0.4, 0.175, 0.8, 0.525]
mixed8:ambulance_concept12:[0.45, 0.7, 0.4, 0.725, 0.775, 0.375, 0.45, 0.5, 0.675, 0.475, 0.425, 0.675, 0.375, 0.75, 0.45, 0.55, 0.45, 0.75, 0.5, 0.675]
mixed8:ambulance_concept5:[0.8, 0.5, 0.6, 0.625, 0.825, 0.35, 0.225, 0.75, 0.7, 0.575, 0.3, 0.35, 0.4, 0.25, 0.525, 0.975, 0.35, 0.825, 0.325, 0.7]
mixed8:ambulance_concept18:[0.25, 0.275, 0.3, 0.7, 0.825, 0.525, 0.75, 0.55, 0.825, 0.75, 0.75, 0.45, 0.45, 0.475, 0.425, 0.5, 0.4, 0.2, 0.525, 0.7]
mixed8:ambulance_concept21:[0.475, 0.525, 0.725, 0.3, 0.85, 0.225, 0.875, 0.725, 0.525, 0.475, 0.425, 0.825, 0.525, 0.275, 0.475, 0.475, 0.4, 0.525, 0.675, 0.25]
mixed8:ambulance_concept13:[0.6, 0.55, 0.425, 0.275, 0.575, 0.65, 0.675, 0.95, 0.7, 0.575, 0.425, 0.6, 0.55, 0.3, 0.175, 0.6, 0.6, 0.7, 0.35, 0.225]
mixed8:ambulance_concept17:[0.625, 0.6, 0.65, 0.275, 0.375, 0.45, 0.3, 0.85, 0.275, 0.425, 0.225, 0.725, 0.3, 0.8, 0.5, 0.675, 0.15, 0.525, 0.75, 0.3]
mixed8:ambulance_concept16:[0.675, 0.6, 0.35, 0.4, 0.425, 0.2, 0.5, 0.4, 0.25, 0.3, 0.3, 0.2, 0.85, 0.525, 0.075, 0.375, 0.25, 0.375, 0.475, 0.425]
mixed8:ambulance_concept6:[0.5, 0.3, 0.425, 0.275, 0.375, 0.225, 0.775, 0.5, 0.4, 0.2, 0.1, 0.425, 0.4, 0.7, 0.375, 0.2, 0.175, 0.575, 0.325, 0.6]
mixed8:ambulance_concept8:[0.4, 0.575, 0.375, 0.15, 0.825, 0.4, 0.4, 0.35, 0.325, 0.1, 0.175, 0.45, 0.625, 0.225, 0.5, 0.3, 0.2, 0.225, 0.4, 0.55]
mixed8:ambulance_concept3:[0.225, 0.25, 0.1, 0.225, 0.325, 0.75, 0.45, 0.25, 0.225, 0.325, 0.525, 0.45, 0.175, 0.575, 0.625, 0.2, 0.275, 0.175, 0.35, 0.375]
mixed8:ambulance_concept14:[0.35, 0.125, 0.225, 0.225, 0.175, 0.275, 0.025, 0.075, 0.275, 0.2, 0.325, 0.7, 0.45, 0.35, 0.6, 0.5, 0.1, 0.725, 0.225, 0.25]
mixed8:ambulance_concept15:[0.45, 0.3, 0.325, 0.3, 0.25, 0.375, 0.5, 0.375, 0.2, 0.075, 0.25, 0.175, 0.15, 0.275, 0.45, 0.175, 0.1, 0.325, 0.2, 0.4]
mixed8:ambulance_concept9:[0.325, 0.1, 0.25, 0.275, 0.3, 0.4, 0.4, 0.275, 0.25, 0.125, 0.05, 0.55, 0.1, 0.2, 0.275, 0.3, 0.175, 0.3, 0.275, 0.3]
mixed8:ambulance_concept20:[0.25, 0.275, 0.325, 0.2, 0.15, 0.075, 0.05, 0.475, 0.2, 0.2, 0.425, 0.175, 0.1, 0.375, 0.3, 0.0, 0.175, 0.125, 0.2, 0.225]
mixed8:ambulance_concept4:[0.175, 0.1, 0.225, 0.3, 0.25, 0.025, 0.2, 0.05, 0.2, 0.125, 0.15, 0.3, 0.4, 0.25, 0.425, 0.2, 0.075, 0.15, 0.425, 0.05]
mixed8:ambulance_concept19:[0.325, 0.1, 0.175, 0.1, 0.25, 0.15, 0.3, 0.25, 0.15, 0.45, 0.175, 0.375, 0.025, 0.125, 0.2, 0.2, 0.05, 0.225, 0.2, 0.125]
mixed8:ambulance_concept10:[0.075, 0.075, 0.05, 0.075, 0.375, 0.1, 0.3, 0.175, 0.1, 0.2, 0.25, 0.325, 0.075, 0.05, 0.1, 0.325, 0.1, 0.275, 0.1, 0.15]
mixed8:ambulance_concept1:[0.275, 0.15, 0.075, 0.075, 0.1, 0.275, 0.375, 0.15, 0.075, 0.15, 0.125, 0.2, 0.175, 0.15, 0.1, 0.15, 0.025, 0.25, 0.15, 0.075]
mixed8:ambulance_concept2:[0.05, 0.025, 0.1, 0.1, 0.3, 0.1, 0.075, 0.15, 0.025, 0.1, 0.05, 0.175, 0.05, 0.125, 0.075, 0.025, 0.05, 0.05, 0.1, 0.05]