

			 ---CAV accuracies---

mixed8:cinema_concept10:0.9666666666666666±0.030765273566363244
mixed8:cinema_concept19:0.9962962962962962±0.011111111111111127
mixed8:cinema_concept4:0.9851851851851852±0.027216552697590872
mixed8:cinema_concept22:0.9777777777777776±0.03186046395200975
mixed8:cinema_concept13:0.9981481481481481±0.008072035080630889
mixed8:cinema_concept14:0.9888888888888889±0.023715274953455
mixed8:cinema_concept6:0.9851851851851852±0.02456759103966964
mixed8:cinema_concept20:0.987037037037037±0.021195413226406678
mixed8:cinema_concept5:0.9444444444444444±0.0414086662499961
mixed8:cinema_concept2:0.9666666666666666±0.04040263746161376
mixed8:cinema_concept9:0.9555555555555555±0.039890109682477824
mixed8:cinema_concept12:0.9537037037037035±0.03489156237299403
mixed8:cinema_concept16:0.9796296296296296±0.027404904790645824
mixed8:cinema_concept11:0.9851851851851852±0.029629629629629638
mixed8:cinema_concept1:0.987037037037037±0.021195413226406678
mixed8:cinema_concept23:0.9648148148148147±0.044560034872281364
mixed8:cinema_concept21:0.9962962962962962±0.011111111111111127
mixed8:cinema_concept3:0.9666666666666666±0.04670192671451295
mixed8:cinema_concept15:0.962962962962963±0.04684855792842044
mixed8:cinema_concept8:0.9907407407407407±0.025859703784757312
mixed8:cinema_concept7:0.9703703703703704±0.04157397096415491
mixed8:cinema_concept17:0.9888888888888887±0.01697250257391054
mixed8:cinema_concept18:0.912962962962963±0.062278413780741615
			 ---Raw CAV accuracies data---

mixed8:cinema_concept10:[1.0, 0.9259259259259259, 0.9259259259259259, 1.0, 1.0, 0.9629629629629629, 0.9259259259259259, 0.9629629629629629, 0.9259259259259259, 1.0, 1.0, 0.9259259259259259, 0.9629629629629629, 0.9629629629629629, 0.9629629629629629, 1.0, 1.0, 0.9259259259259259, 1.0, 0.9629629629629629]
mixed8:cinema_concept19:[1.0, 1.0, 0.9629629629629629, 1.0, 1.0, 1.0, 1.0, 1.0, 1.0, 1.0, 1.0, 1.0, 1.0, 1.0, 1.0, 1.0, 1.0, 0.9629629629629629, 1.0, 1.0]
mixed8:cinema_concept4:[1.0, 1.0, 1.0, 1.0, 1.0, 1.0, 1.0, 0.9629629629629629, 0.9259259259259259, 1.0, 0.9629629629629629, 1.0, 0.9259259259259259, 1.0, 1.0, 0.9259259259259259, 1.0, 1.0, 1.0, 1.0]
mixed8:cinema_concept22:[0.9259259259259259, 0.9629629629629629, 1.0, 0.9629629629629629, 1.0, 0.9629629629629629, 1.0, 1.0, 1.0, 1.0, 1.0, 0.9629629629629629, 1.0, 0.9259259259259259, 1.0, 0.9629629629629629, 1.0, 1.0, 0.8888888888888888, 1.0]
mixed8:cinema_concept13:[1.0, 1.0, 1.0, 1.0, 1.0, 1.0, 1.0, 1.0, 1.0, 1.0, 1.0, 1.0, 1.0, 1.0, 1.0, 1.0, 1.0, 1.0, 1.0, 0.9629629629629629]
mixed8:cinema_concept14:[1.0, 1.0, 1.0, 0.9259259259259259, 1.0, 1.0, 1.0, 1.0, 1.0, 1.0, 1.0, 1.0, 0.9629629629629629, 1.0, 1.0, 0.9629629629629629, 1.0, 1.0, 1.0, 0.9259259259259259]
mixed8:cinema_concept6:[1.0, 1.0, 1.0, 1.0, 1.0, 0.9259259259259259, 1.0, 0.9259259259259259, 0.9629629629629629, 1.0, 1.0, 0.9629629629629629, 0.9629629629629629, 1.0, 1.0, 1.0, 0.9629629629629629, 1.0, 1.0, 1.0]
mixed8:cinema_concept20:[1.0, 0.9629629629629629, 1.0, 1.0, 1.0, 1.0, 1.0, 0.9259259259259259, 0.9629629629629629, 1.0, 0.9629629629629629, 0.9629629629629629, 1.0, 1.0, 1.0, 1.0, 0.9629629629629629, 1.0, 1.0, 1.0]
mixed8:cinema_concept5:[0.9629629629629629, 0.9629629629629629, 0.9629629629629629, 0.9259259259259259, 0.9629629629629629, 1.0, 0.9629629629629629, 0.9259259259259259, 0.9259259259259259, 0.9259259259259259, 0.9629629629629629, 1.0, 0.9629629629629629, 0.9629629629629629, 0.8518518518518519, 0.8518518518518519, 0.9629629629629629, 0.8888888888888888, 0.9259259259259259, 1.0]
mixed8:cinema_concept2:[1.0, 1.0, 0.8518518518518519, 0.9629629629629629, 1.0, 0.9259259259259259, 0.9259259259259259, 1.0, 0.8888888888888888, 0.9629629629629629, 0.9629629629629629, 1.0, 0.9629629629629629, 0.9629629629629629, 1.0, 0.9629629629629629, 0.9629629629629629, 1.0, 1.0, 1.0]
mixed8:cinema_concept9:[0.9629629629629629, 0.9259259259259259, 0.9629629629629629, 0.9629629629629629, 1.0, 0.8888888888888888, 1.0, 0.9259259259259259, 1.0, 0.9629629629629629, 0.9629629629629629, 0.9629629629629629, 0.8888888888888888, 0.9629629629629629, 0.8888888888888888, 1.0, 1.0, 1.0, 0.8888888888888888, 0.9629629629629629]
mixed8:cinema_concept12:[0.9259259259259259, 0.9259259259259259, 0.8888888888888888, 0.9629629629629629, 1.0, 0.8888888888888888, 1.0, 0.9259259259259259, 0.9629629629629629, 0.9629629629629629, 0.8888888888888888, 1.0, 0.9629629629629629, 0.9629629629629629, 0.9629629629629629, 0.9629629629629629, 0.9629629629629629, 0.9629629629629629, 1.0, 0.9629629629629629]
mixed8:cinema_concept16:[1.0, 1.0, 0.9259259259259259, 1.0, 0.9629629629629629, 0.9259259259259259, 1.0, 0.9259259259259259, 0.9629629629629629, 1.0, 0.9629629629629629, 1.0, 1.0, 0.9629629629629629, 1.0, 1.0, 0.9629629629629629, 1.0, 1.0, 1.0]
mixed8:cinema_concept11:[1.0, 0.8888888888888888, 1.0, 1.0, 1.0, 1.0, 1.0, 0.9629629629629629, 1.0, 1.0, 1.0, 0.9629629629629629, 1.0, 0.9629629629629629, 1.0, 0.9259259259259259, 1.0, 1.0, 1.0, 1.0]
mixed8:cinema_concept1:[1.0, 1.0, 0.9629629629629629, 1.0, 1.0, 0.9629629629629629, 0.9629629629629629, 1.0, 1.0, 1.0, 0.9629629629629629, 1.0, 1.0, 1.0, 0.9629629629629629, 1.0, 1.0, 0.9259259259259259, 1.0, 1.0]
mixed8:cinema_concept23:[0.9629629629629629, 1.0, 0.9259259259259259, 0.9629629629629629, 0.9259259259259259, 0.9629629629629629, 1.0, 0.9629629629629629, 0.9629629629629629, 1.0, 1.0, 1.0, 1.0, 1.0, 0.9629629629629629, 0.9259259259259259, 0.9259259259259259, 1.0, 0.8148148148148148, 1.0]
mixed8:cinema_concept21:[1.0, 1.0, 1.0, 1.0, 1.0, 1.0, 1.0, 1.0, 1.0, 1.0, 1.0, 1.0, 1.0, 1.0, 1.0, 0.9629629629629629, 1.0, 0.9629629629629629, 1.0, 1.0]
mixed8:cinema_concept3:[1.0, 0.8888888888888888, 0.9259259259259259, 1.0, 1.0, 1.0, 1.0, 1.0, 0.9259259259259259, 1.0, 1.0, 0.9629629629629629, 0.9629629629629629, 0.9629629629629629, 0.9629629629629629, 0.9629629629629629, 0.9629629629629629, 0.8148148148148148, 1.0, 1.0]
mixed8:cinema_concept15:[0.9259259259259259, 0.9629629629629629, 1.0, 1.0, 1.0, 1.0, 0.9629629629629629, 0.8518518518518519, 0.9259259259259259, 1.0, 0.9629629629629629, 1.0, 0.9259259259259259, 1.0, 0.9629629629629629, 0.8518518518518519, 1.0, 0.9259259259259259, 1.0, 1.0]
mixed8:cinema_concept8:[1.0, 1.0, 1.0, 1.0, 1.0, 1.0, 1.0, 0.9629629629629629, 1.0, 0.9629629629629629, 1.0, 1.0, 1.0, 1.0, 1.0, 0.8888888888888888, 1.0, 1.0, 1.0, 1.0]
mixed8:cinema_concept7:[1.0, 1.0, 0.8518518518518519, 1.0, 0.9629629629629629, 1.0, 1.0, 1.0, 0.9259259259259259, 0.9629629629629629, 1.0, 0.9629629629629629, 1.0, 1.0, 0.9629629629629629, 0.8888888888888888, 1.0, 0.9259259259259259, 0.9629629629629629, 1.0]
mixed8:cinema_concept17:[1.0, 0.9629629629629629, 1.0, 1.0, 1.0, 1.0, 1.0, 0.9629629629629629, 0.9629629629629629, 1.0, 1.0, 1.0, 1.0, 0.9629629629629629, 1.0, 0.9629629629629629, 1.0, 0.9629629629629629, 1.0, 1.0]
mixed8:cinema_concept18:[1.0, 0.8888888888888888, 0.8888888888888888, 0.9629629629629629, 0.8888888888888888, 0.8888888888888888, 0.9629629629629629, 0.8518518518518519, 0.8518518518518519, 0.9259259259259259, 0.7777777777777778, 0.9629629629629629, 0.8888888888888888, 0.8518518518518519, 0.9259259259259259, 1.0, 0.9629629629629629, 0.9629629629629629, 0.8148148148148148, 1.0]

			 ---TCAV scores---

mixed8:cinema_concept10:0.78±0.09572094859538324,3.121609770270102e-07
mixed8:cinema_concept19:0.7675000000000001±0.08370334521391604,4.310659306693089e-05
mixed8:cinema_concept4:0.7362500000000002±0.1316897395395708,0.0003143430756690773
mixed8:cinema_concept22:0.7362500000000001±0.09502466784998514,0.0001167500895587872
mixed8:cinema_concept13:0.715±0.13838352503098048,0.0003998612355428124
mixed8:cinema_concept14:0.65125±0.12881066531929722,0.017355275759072412
mixed8:cinema_concept6:0.6275±0.19314825911718697,0.05525938403058645
mixed8:cinema_concept20:0.60625±0.13529481697389595,0.014034728021251565
mixed8:cinema_concept5:0.59±0.1067707825203131,0.09320610349328028
mixed8:cinema_concept2:0.5549999999999999±0.13100572506573901,0.2379606205278938
mixed8:cinema_concept9:0.5525±0.09148087231765992,0.1987295677464921
mixed8:cinema_concept12:0.5137500000000002±0.12361103308362081,0.7436916724410212
mixed8:cinema_concept16:0.4825000000000001±0.10755812382149477,0.7046943554397457
mixed8:cinema_concept11:0.4687500000000001±0.12090156119752961,0.4634364513032674
mixed8:cinema_concept1:0.43999999999999995±0.12951833846988617,0.22969846580333822
mixed8:cinema_concept23:0.43375±0.13699338487678883,0.12135122034638705
mixed8:cinema_concept21:0.43125±0.14358686395349682,0.17511375387715866
mixed8:cinema_concept3:0.365±0.12180927715079833,0.025409520899769514
mixed8:cinema_concept15:0.3175±0.09877373132569206,0.000561948971552769
mixed8:cinema_concept8:0.29375±0.09383329632918157,0.0002037413581295413
mixed8:cinema_concept7:0.27999999999999997±0.08162413858657254,8.988685942922042e-05
mixed8:cinema_concept17:0.27999999999999997±0.1200520720354297,0.00016145148731125516
mixed8:cinema_concept18:0.23500000000000001±0.1285496013218244,2.4243492122237595e-05
			 ---Raw TCAV scores data---

mixed8:cinema_concept10:[0.9, 0.825, 0.75, 0.8, 0.95, 0.7, 0.775, 0.825, 0.875, 0.85, 0.7, 0.7, 0.725, 0.675, 0.55, 0.675, 0.925, 0.8, 0.775, 0.825]
mixed8:cinema_concept19:[0.75, 0.75, 0.8, 0.8, 0.775, 0.8, 0.75, 0.75, 0.75, 0.85, 0.575, 0.65, 0.625, 0.825, 0.75, 0.9, 0.775, 0.725, 0.8, 0.95]
mixed8:cinema_concept4:[0.75, 0.65, 0.85, 0.775, 0.75, 0.9, 0.55, 0.475, 0.6, 0.55, 0.875, 0.75, 0.775, 0.575, 0.725, 0.775, 0.9, 0.9, 0.925, 0.675]
mixed8:cinema_concept22:[0.75, 0.5, 0.7, 0.725, 0.75, 0.7, 0.8, 0.75, 0.775, 0.5, 0.75, 0.85, 0.8, 0.825, 0.75, 0.625, 0.875, 0.75, 0.775, 0.775]
mixed8:cinema_concept13:[0.45, 0.6, 0.625, 0.675, 0.9, 0.725, 0.65, 0.8, 0.6, 0.75, 0.85, 0.45, 0.875, 0.775, 0.625, 0.65, 0.725, 1.0, 0.725, 0.85]
mixed8:cinema_concept14:[0.725, 0.775, 0.425, 0.3, 0.85, 0.65, 0.625, 0.65, 0.775, 0.575, 0.65, 0.775, 0.525, 0.7, 0.775, 0.675, 0.65, 0.525, 0.75, 0.65]
mixed8:cinema_concept6:[0.475, 0.325, 0.8, 0.4, 0.3, 0.55, 0.6, 0.5, 0.675, 0.75, 0.625, 0.8, 0.5, 0.7, 0.45, 0.95, 0.875, 0.925, 0.5, 0.85]
mixed8:cinema_concept20:[0.575, 0.675, 0.425, 0.675, 0.7, 0.25, 0.6, 0.675, 0.725, 0.725, 0.55, 0.475, 0.85, 0.55, 0.675, 0.475, 0.625, 0.5, 0.6, 0.8]
mixed8:cinema_concept5:[0.525, 0.425, 0.7, 0.7, 0.525, 0.4, 0.675, 0.725, 0.7, 0.6, 0.55, 0.675, 0.625, 0.675, 0.625, 0.65, 0.575, 0.575, 0.325, 0.55]
mixed8:cinema_concept2:[0.55, 0.65, 0.45, 0.625, 0.375, 0.275, 0.55, 0.525, 0.525, 0.475, 0.625, 0.5, 0.45, 0.55, 0.825, 0.75, 0.775, 0.6, 0.425, 0.6]
mixed8:cinema_concept9:[0.65, 0.375, 0.625, 0.55, 0.5, 0.425, 0.525, 0.6, 0.675, 0.55, 0.625, 0.625, 0.525, 0.4, 0.525, 0.575, 0.725, 0.625, 0.5, 0.45]
mixed8:cinema_concept12:[0.525, 0.525, 0.25, 0.6, 0.525, 0.5, 0.35, 0.525, 0.525, 0.8, 0.55, 0.425, 0.4, 0.575, 0.35, 0.725, 0.625, 0.525, 0.425, 0.55]
mixed8:cinema_concept16:[0.725, 0.5, 0.425, 0.6, 0.425, 0.4, 0.475, 0.425, 0.55, 0.525, 0.425, 0.65, 0.525, 0.2, 0.45, 0.425, 0.375, 0.475, 0.525, 0.55]
mixed8:cinema_concept11:[0.4, 0.375, 0.4, 0.65, 0.4, 0.275, 0.325, 0.5, 0.3, 0.425, 0.65, 0.575, 0.6, 0.475, 0.4, 0.4, 0.575, 0.7, 0.55, 0.4]
mixed8:cinema_concept1:[0.475, 0.575, 0.5, 0.325, 0.35, 0.4, 0.325, 0.525, 0.575, 0.65, 0.675, 0.325, 0.35, 0.3, 0.2, 0.575, 0.35, 0.375, 0.375, 0.575]
mixed8:cinema_concept23:[0.475, 0.7, 0.2, 0.6, 0.5, 0.225, 0.4, 0.35, 0.275, 0.575, 0.625, 0.5, 0.425, 0.325, 0.3, 0.35, 0.475, 0.55, 0.525, 0.3]
mixed8:cinema_concept21:[0.325, 0.575, 0.375, 0.65, 0.425, 0.3, 0.4, 0.4, 0.475, 0.35, 0.525, 0.35, 0.35, 0.575, 0.4, 0.2, 0.2, 0.8, 0.4, 0.55]
mixed8:cinema_concept3:[0.25, 0.575, 0.225, 0.525, 0.5, 0.575, 0.375, 0.375, 0.475, 0.35, 0.175, 0.4, 0.325, 0.275, 0.325, 0.275, 0.175, 0.475, 0.4, 0.25]
mixed8:cinema_concept15:[0.45, 0.425, 0.2, 0.525, 0.35, 0.375, 0.225, 0.25, 0.425, 0.175, 0.375, 0.425, 0.275, 0.25, 0.175, 0.225, 0.325, 0.25, 0.375, 0.275]
mixed8:cinema_concept8:[0.1, 0.35, 0.275, 0.425, 0.475, 0.2, 0.275, 0.325, 0.25, 0.35, 0.15, 0.4, 0.2, 0.25, 0.3, 0.275, 0.375, 0.4, 0.2, 0.3]
mixed8:cinema_concept7:[0.3, 0.325, 0.425, 0.275, 0.225, 0.2, 0.125, 0.175, 0.425, 0.325, 0.325, 0.225, 0.175, 0.225, 0.35, 0.325, 0.35, 0.275, 0.2, 0.35]
mixed8:cinema_concept17:[0.375, 0.125, 0.225, 0.35, 0.325, 0.25, 0.275, 0.325, 0.125, 0.225, 0.525, 0.175, 0.2, 0.175, 0.35, 0.275, 0.325, 0.55, 0.35, 0.075]
mixed8:cinema_concept18:[0.3, 0.1, 0.3, 0.15, 0.3, 0.125, 0.075, 0.225, 0.25, 0.35, 0.45, 0.1, 0.35, 0.05, 0.1, 0.45, 0.225, 0.25, 0.1, 0.45]