

			 ---CAV accuracies---

mixed8:snail_concept15:0.9981481481481481±0.008072035080630889
mixed8:snail_concept11:0.9944444444444442±0.017665540766980476
mixed8:snail_concept6:0.9907407407407408±0.019858898694006696
mixed8:snail_concept8:0.9814814814814815±0.024845199749997677
mixed8:snail_concept1:0.9888888888888887±0.026449734920529093
mixed8:snail_concept3:0.9777777777777776±0.021596118129056686
mixed8:snail_concept10:0.9703703703703704±0.03008903112828134
mixed8:snail_concept9:0.9962962962962962±0.011111111111111127
mixed8:snail_concept14:0.9833333333333334±0.029802735073020534
mixed8:snail_concept17:0.9888888888888889±0.02644973492052909
mixed8:snail_concept16:0.9777777777777776±0.02962962962962964
mixed8:snail_concept13:0.9814814814814813±0.03207501495497923
mixed8:snail_concept12:0.9759259259259258±0.03159022612820739
mixed8:snail_concept7:0.9833333333333332±0.029802735073020534
mixed8:snail_concept2:0.9648148148148147±0.051686243470195785
mixed8:snail_concept18:0.9740740740740739±0.03120796212287542
mixed8:snail_concept5:0.9851851851851852±0.021596118129056686
mixed8:snail_concept4:0.959259259259259±0.048148148148148155
			 ---Raw CAV accuracies data---

mixed8:snail_concept15:[1.0, 1.0, 1.0, 1.0, 1.0, 1.0, 1.0, 1.0, 1.0, 1.0, 1.0, 1.0, 1.0, 1.0, 1.0, 1.0, 1.0, 1.0, 1.0, 0.9629629629629629]
mixed8:snail_concept11:[0.9259259259259259, 1.0, 1.0, 1.0, 1.0, 1.0, 1.0, 1.0, 1.0, 1.0, 1.0, 1.0, 1.0, 1.0, 1.0, 1.0, 1.0, 1.0, 0.9629629629629629, 1.0]
mixed8:snail_concept6:[1.0, 1.0, 1.0, 1.0, 1.0, 1.0, 0.9259259259259259, 0.9629629629629629, 1.0, 1.0, 1.0, 1.0, 0.9629629629629629, 1.0, 1.0, 0.9629629629629629, 1.0, 1.0, 1.0, 1.0]
mixed8:snail_concept8:[1.0, 0.9259259259259259, 0.9629629629629629, 0.9629629629629629, 1.0, 0.9259259259259259, 1.0, 1.0, 1.0, 0.9629629629629629, 1.0, 1.0, 1.0, 1.0, 0.9629629629629629, 1.0, 0.9629629629629629, 1.0, 1.0, 0.9629629629629629]
mixed8:snail_concept1:[1.0, 1.0, 1.0, 1.0, 1.0, 1.0, 1.0, 1.0, 1.0, 1.0, 1.0, 1.0, 1.0, 0.9629629629629629, 1.0, 0.9629629629629629, 0.8888888888888888, 0.9629629629629629, 1.0, 1.0]
mixed8:snail_concept3:[1.0, 1.0, 0.9629629629629629, 0.9629629629629629, 1.0, 1.0, 0.9629629629629629, 0.9629629629629629, 0.9629629629629629, 1.0, 1.0, 0.9629629629629629, 1.0, 0.9629629629629629, 0.9629629629629629, 1.0, 0.9629629629629629, 1.0, 0.9629629629629629, 0.9259259259259259]
mixed8:snail_concept10:[0.9629629629629629, 1.0, 0.9629629629629629, 1.0, 1.0, 0.9629629629629629, 0.9259259259259259, 1.0, 0.9629629629629629, 0.9259259259259259, 1.0, 1.0, 0.9259259259259259, 0.9629629629629629, 0.9629629629629629, 0.9259259259259259, 1.0, 0.9259259259259259, 1.0, 1.0]
mixed8:snail_concept9:[1.0, 1.0, 1.0, 1.0, 1.0, 1.0, 1.0, 1.0, 1.0, 1.0, 0.9629629629629629, 1.0, 1.0, 0.9629629629629629, 1.0, 1.0, 1.0, 1.0, 1.0, 1.0]
mixed8:snail_concept14:[1.0, 1.0, 1.0, 1.0, 1.0, 1.0, 0.9629629629629629, 1.0, 1.0, 0.9629629629629629, 0.9259259259259259, 1.0, 0.9629629629629629, 1.0, 1.0, 0.9629629629629629, 1.0, 1.0, 0.8888888888888888, 1.0]
mixed8:snail_concept17:[1.0, 1.0, 1.0, 1.0, 1.0, 1.0, 1.0, 0.9629629629629629, 0.8888888888888888, 1.0, 1.0, 1.0, 1.0, 1.0, 0.9629629629629629, 1.0, 1.0, 1.0, 1.0, 0.9629629629629629]
mixed8:snail_concept16:[1.0, 0.9629629629629629, 0.9629629629629629, 1.0, 0.9259259259259259, 0.9629629629629629, 1.0, 1.0, 0.9629629629629629, 1.0, 1.0, 0.8888888888888888, 0.9629629629629629, 1.0, 1.0, 0.9629629629629629, 1.0, 1.0, 0.9629629629629629, 1.0]
mixed8:snail_concept13:[1.0, 1.0, 0.9259259259259259, 0.9259259259259259, 1.0, 1.0, 1.0, 1.0, 1.0, 1.0, 1.0, 1.0, 1.0, 0.8888888888888888, 0.9629629629629629, 1.0, 1.0, 1.0, 0.9629629629629629, 0.9629629629629629]
mixed8:snail_concept12:[1.0, 0.9629629629629629, 1.0, 1.0, 1.0, 0.9259259259259259, 0.9629629629629629, 1.0, 1.0, 1.0, 0.9629629629629629, 0.9629629629629629, 0.9259259259259259, 1.0, 0.9629629629629629, 1.0, 1.0, 0.8888888888888888, 1.0, 0.9629629629629629]
mixed8:snail_concept7:[0.9629629629629629, 1.0, 1.0, 1.0, 0.9629629629629629, 0.9259259259259259, 0.8888888888888888, 0.9629629629629629, 1.0, 1.0, 1.0, 1.0, 1.0, 1.0, 1.0, 1.0, 1.0, 1.0, 0.9629629629629629, 1.0]
mixed8:snail_concept2:[1.0, 1.0, 1.0, 0.9629629629629629, 1.0, 1.0, 0.8518518518518519, 1.0, 1.0, 0.9629629629629629, 0.8518518518518519, 1.0, 1.0, 1.0, 0.8518518518518519, 0.9259259259259259, 0.9629629629629629, 0.9629629629629629, 0.9629629629629629, 1.0]
mixed8:snail_concept18:[0.9629629629629629, 1.0, 0.9629629629629629, 0.9259259259259259, 1.0, 1.0, 1.0, 1.0, 0.8888888888888888, 0.9629629629629629, 1.0, 1.0, 1.0, 0.9629629629629629, 0.9259259259259259, 0.9629629629629629, 0.9629629629629629, 1.0, 1.0, 0.9629629629629629]
mixed8:snail_concept5:[1.0, 0.9629629629629629, 1.0, 0.9629629629629629, 1.0, 1.0, 1.0, 0.9629629629629629, 1.0, 1.0, 1.0, 1.0, 0.9259259259259259, 0.9629629629629629, 0.9629629629629629, 1.0, 1.0, 1.0, 0.9629629629629629, 1.0]
mixed8:snail_concept4:[1.0, 0.9629629629629629, 0.9629629629629629, 0.9629629629629629, 0.8888888888888888, 0.8518518518518519, 0.9629629629629629, 1.0, 1.0, 0.9629629629629629, 1.0, 1.0, 1.0, 1.0, 0.8888888888888888, 0.8518518518518519, 0.9629629629629629, 0.9629629629629629, 1.0, 0.9629629629629629]

			 ---TCAV scores---

mixed8:snail_concept15:0.5850000000000001±0.1283062742035634,0.002664484102042471
mixed8:snail_concept11:0.55±0.1825171224844398,0.02292980008243926
mixed8:snail_concept6:0.45125000000000004±0.14947303268482914,0.4054864029802495
mixed8:snail_concept8:0.44125±0.12803197842726635,0.38834372826681707
mixed8:snail_concept1:0.3837499999999999±0.11944533268403584,0.8316730836773374
mixed8:snail_concept3:0.36624999999999996±0.1043656432931834,0.5641225517141777
mixed8:snail_concept10:0.35875±0.14258221312632233,0.5033750406063637
mixed8:snail_concept9:0.35749999999999993±0.18609473393946424,0.5122675343011218
mixed8:snail_concept14:0.33125±0.11120785718644163,0.2399413375244541
mixed8:snail_concept17:0.31499999999999995±0.11330269193624659,0.13089845514787413
mixed8:snail_concept16:0.31499999999999995±0.11051018052650173,0.18052081219927657
mixed8:snail_concept13:0.31375000000000003±0.089259103177211,0.13931183825427415
mixed8:snail_concept12:0.31124999999999997±0.08820253681159061,0.14071242679836737
mixed8:snail_concept7:0.30874999999999997±0.11215920604212568,0.11718149015605783
mixed8:snail_concept2:0.26375000000000004±0.12905304142095994,0.03685128597140978
mixed8:snail_concept18:0.2425±0.08877640452282352,0.016166336120370738
mixed8:snail_concept5:0.205±0.08753570700005799,0.0020079455776246726
mixed8:snail_concept4:0.14500000000000002±0.08351646544245034,0.0002356195844114212
			 ---Raw TCAV scores data---

mixed8:snail_concept15:[0.525, 0.7, 0.425, 0.725, 0.5, 0.6, 0.5, 0.45, 0.65, 0.8, 0.4, 0.5, 0.45, 0.65, 0.775, 0.6, 0.625, 0.8, 0.625, 0.4]
mixed8:snail_concept11:[0.35, 0.825, 0.4, 0.675, 0.25, 0.375, 0.625, 0.525, 0.625, 0.6, 0.375, 0.6, 0.35, 0.65, 0.775, 0.7, 0.65, 0.725, 0.175, 0.75]
mixed8:snail_concept6:[0.225, 0.6, 0.25, 0.55, 0.55, 0.525, 0.35, 0.25, 0.375, 0.775, 0.425, 0.475, 0.65, 0.625, 0.25, 0.525, 0.525, 0.375, 0.325, 0.4]
mixed8:snail_concept8:[0.425, 0.625, 0.25, 0.525, 0.475, 0.525, 0.45, 0.65, 0.4, 0.3, 0.3, 0.55, 0.625, 0.5, 0.25, 0.5, 0.4, 0.375, 0.5, 0.2]
mixed8:snail_concept1:[0.35, 0.525, 0.225, 0.475, 0.25, 0.4, 0.425, 0.375, 0.5, 0.4, 0.375, 0.2, 0.3, 0.475, 0.6, 0.2, 0.3, 0.6, 0.425, 0.275]
mixed8:snail_concept3:[0.425, 0.4, 0.25, 0.3, 0.225, 0.45, 0.275, 0.4, 0.4, 0.425, 0.225, 0.45, 0.3, 0.425, 0.5, 0.225, 0.6, 0.475, 0.25, 0.325]
mixed8:snail_concept10:[0.25, 0.35, 0.325, 0.275, 0.525, 0.275, 0.2, 0.45, 0.35, 0.175, 0.25, 0.725, 0.5, 0.35, 0.15, 0.525, 0.45, 0.5, 0.325, 0.225]
mixed8:snail_concept9:[0.175, 0.175, 0.175, 0.5, 0.35, 0.35, 0.225, 0.15, 0.55, 0.675, 0.425, 0.575, 0.725, 0.4, 0.275, 0.125, 0.225, 0.625, 0.225, 0.225]
mixed8:snail_concept14:[0.45, 0.225, 0.275, 0.425, 0.125, 0.375, 0.4, 0.5, 0.425, 0.3, 0.2, 0.475, 0.15, 0.275, 0.475, 0.3, 0.425, 0.3, 0.2, 0.325]
mixed8:snail_concept17:[0.275, 0.325, 0.15, 0.4, 0.325, 0.175, 0.2, 0.5, 0.3, 0.275, 0.4, 0.175, 0.5, 0.35, 0.3, 0.175, 0.175, 0.5, 0.425, 0.375]
mixed8:snail_concept16:[0.35, 0.35, 0.35, 0.35, 0.15, 0.2, 0.175, 0.175, 0.4, 0.35, 0.475, 0.45, 0.15, 0.45, 0.45, 0.35, 0.225, 0.45, 0.225, 0.225]
mixed8:snail_concept13:[0.225, 0.425, 0.3, 0.3, 0.275, 0.2, 0.275, 0.15, 0.425, 0.4, 0.125, 0.375, 0.4, 0.325, 0.275, 0.425, 0.25, 0.375, 0.375, 0.375]
mixed8:snail_concept12:[0.325, 0.35, 0.2, 0.3, 0.325, 0.125, 0.325, 0.325, 0.4, 0.2, 0.35, 0.475, 0.275, 0.3, 0.325, 0.425, 0.475, 0.225, 0.225, 0.275]
mixed8:snail_concept7:[0.3, 0.175, 0.175, 0.15, 0.15, 0.325, 0.325, 0.375, 0.375, 0.6, 0.35, 0.275, 0.275, 0.325, 0.35, 0.175, 0.4, 0.225, 0.475, 0.375]
mixed8:snail_concept2:[0.175, 0.225, 0.125, 0.3, 0.175, 0.275, 0.275, 0.35, 0.175, 0.3, 0.225, 0.15, 0.375, 0.075, 0.225, 0.3, 0.4, 0.4, 0.1, 0.65]
mixed8:snail_concept18:[0.3, 0.225, 0.35, 0.325, 0.175, 0.175, 0.125, 0.35, 0.225, 0.4, 0.225, 0.125, 0.175, 0.425, 0.225, 0.125, 0.25, 0.275, 0.15, 0.225]
mixed8:snail_concept5:[0.2, 0.175, 0.1, 0.225, 0.125, 0.1, 0.3, 0.2, 0.125, 0.175, 0.225, 0.325, 0.25, 0.1, 0.175, 0.125, 0.4, 0.25, 0.15, 0.375]
mixed8:snail_concept4:[0.05, 0.125, 0.075, 0.325, 0.125, 0.15, 0.075, 0.125, 0.325, 0.2, 0.125, 0.1, 0.125, 0.1, 0.275, 0.15, 0.0, 0.225, 0.125, 0.1]